n = 20 ; 
T = 96 ; 
Init = [ 0 1 0 1 0 0 0 0 0 1 0 1 1 0 1 1 1 1 0 0 ]
L = [ 5 5 18 18 8 8 19 14 6 11 13 7 8 8 5 4 4 19 19 8 ]
l = [ 5 5 18 18 8 8 19 14 6 11 13 7 8 8 5 4 4 19 19 8 ]
Pmin = [ 70 70 361 361 118 118 378 281 68 209 272 109 139 139 87 55 55 378 378 138 ]
Pmax = [ 70 70 391 391 126 126 402 281 74 221 272 109 139 139 87 55 55 414 414 139 ]
cf = [ 43.6971 43.6971 53.1158 53.1158 12.2428 12.2428 9.9468 12.9389 13.1397 57.0671 40.2713 39.4912 31.1114 31.1114 14.938 19.1253 19.1253 43.396 43.396 55.4672 ]
c0 = [ 77 77 244 244 105 105 250 208 76 158 201 87 123 123 83 70 70 250 250 117 ]
cp = [ 38.3449 38.3449 11.2516 11.2516 26.2456 26.2456 12.8728 11.8051 37.1128 14.2021 25.6035 38.3561 33.3203 33.3203 40.9585 41.9895 41.9895 8.95515 8.95515 31.0525 ]
D = [ 575 616 786 900 919 1022 1180 1362 1373 1525 1571 1725 1834 1985 2137 2227 2342 2361 2506 2647 2707 2899 3054 3126 3254 3070 2875 2773 2690 2527 2378 2257 2022 1930 1810 1894 2061 2256 2266 2474 2565 2305 2066 1951 1729 1529 1249 1028 861 939 966 1098 1265 1331 1523 1526 1727 1797 1850 1958 2050 2202 2349 2366 2542 2627 2750 2884 2949 3031 3161 3244 3406 3274 3021 2892 2787 2548 2467 2288 2164 2004 1852 1931 2016 2233 2352 2390 2572 2455 2169 2010 1796 1552 1446 1161 ]
