n = 20 ; 
T = 96 ; 
Init = [ 0 0 0 1 1 1 1 1 1 1 1 0 1 0 1 0 1 1 0 0 ]
L = [ 20 18 18 17 20 5 5 9 17 19 19 5 15 16 18 20 4 19 19 17 ]
l = [ 20 18 18 17 20 5 5 9 17 19 19 5 15 16 18 20 4 19 19 17 ]
Pmin = [ 378 369 369 350 378 60 60 173 349 378 378 75 318 325 345 378 58 378 378 335 ]
Pmax = [ 420 383 383 360 409 60 60 173 377 420 420 75 338 348 375 420 58 414 414 342 ]
cf = [ 52.697 59.2579 59.2579 46.0712 34.6787 29.5995 29.5995 58.0126 19.5479 16.2291 16.2291 52.0038 51.4569 26.1298 39.4035 56.2021 59.4739 59.4073 59.4073 31.2478 ]
c0 = [ 250 246 246 245 250 69 69 145 241 250 250 75 217 239 240 250 70 250 250 230 ]
cp = [ 9.86007 12.0448 12.0448 22.723 8.54823 37.9255 37.9255 38.1801 14.3054 9.89988 9.89988 40.7464 22.9811 9.56789 14.9521 11.2886 41.1069 8.50418 8.50418 17.2183 ]
D = [ 866 985 1265 1244 1631 1666 1948 2126 2112 2351 2510 2835 2932 3079 3303 3397 3684 3724 4114 4179 4452 4504 4655 4806 5174 4851 4645 4431 4144 4052 3850 3681 3296 3196 2829 3082 3270 3669 3689 3918 4145 3833 3661 3259 2916 2557 2305 1837 1665 1715 1986 1981 2271 2309 2465 2643 2693 2895 3135 3299 3347 3625 3761 3759 3841 3990 4231 4332 4640 4811 4900 4947 5197 5019 4769 4480 4284 3963 3840 3601 3413 3180 3022 3144 3435 3453 3839 3799 4103 3841 3544 3241 2876 2566 2112 1915 ]
