n = 20 ; 
T = 96 ; 
Init = [ 1 0 1 0 0 1 1 1 0 1 0 0 1 1 0 0 0 0 1 1 ]
L = [ 13 6 6 13 13 4 4 17 13 19 19 8 8 13 13 5 5 14 14 15 ]
l = [ 13 6 6 13 13 4 4 17 13 19 19 8 8 13 13 5 5 14 14 15 ]
Pmin = [ 241 104 104 242 242 75 75 369 260 378 378 134 134 245 245 94 94 251 251 276 ]
Pmax = [ 262 104 104 248 248 75 75 387 260 420 420 144 144 254 254 94 94 270 270 305 ]
cf = [ 28.5209 24.2542 24.2542 69.7708 69.7708 46.3196 46.3196 45.897 47.4816 57.5868 57.5868 14.5827 14.5827 69.0777 69.0777 30.927 30.927 65.1253 65.1253 57.2344 ]
c0 = [ 184 99 99 170 170 72 72 250 183 250 250 120 120 185 185 95 95 178 178 207 ]
cp = [ 26.7139 38.8476 38.8476 14.0016 14.0016 41.7558 41.7558 16.3099 28.933 8.32233 8.32233 39.3314 39.3314 27.5495 27.5495 38.711 38.711 34.5142 34.5142 19.6396 ]
D = [ 706 859 901 979 1209 1237 1377 1435 1579 1660 1878 1865 1972 2080 2206 2376 2571 2677 2741 2924 2882 3101 3152 3358 3441 3238 3125 3034 2782 2685 2592 2452 2233 2068 1892 2081 2283 2426 2559 2630 2740 2625 2380 2131 2011 1777 1583 1383 1218 1216 1348 1402 1594 1623 1733 1816 1899 2017 2189 2255 2344 2400 2522 2610 2813 2862 2913 3047 3216 3223 3281 3421 3600 3400 3243 3119 2832 2642 2584 2468 2176 1992 1830 2157 2266 2478 2629 2883 3115 2878 2639 2241 2122 1746 1497 1322 ]
