n = 20 ; 
T = 96 ; 
Init = [ 1 0 0 0 0 1 1 0 1 0 1 0 0 0 1 0 1 1 1 1 ]
L = [ 8 9 9 7 19 19 19 7 7 14 14 13 13 6 8 8 17 17 19 17 ]
l = [ 8 9 9 7 19 19 19 7 7 14 14 13 13 6 8 8 17 17 19 17 ]
Pmin = [ 150 149 149 103 378 378 378 109 109 254 254 225 225 99 150 150 362 362 378 343 ]
Pmax = [ 150 149 149 103 405 416 416 109 109 277 277 249 249 99 164 164 369 369 405 376 ]
cf = [ 30.3153 67.0811 67.0811 28.0504 39.2946 61.0454 61.0454 59.3031 59.3031 67.1267 67.1267 7.08228 7.08228 44.4968 57.3632 57.3632 44.1008 44.1008 20.8989 32.7045 ]
c0 = [ 124 124 124 102 250 250 250 92 92 186 186 175 175 91 123 123 250 250 250 235 ]
cp = [ 30.3251 35.8302 35.8302 39.8507 10.8776 10.9192 10.9192 32.7363 32.7363 23.1805 23.1805 21.9233 21.9233 38.7987 28.6532 28.6532 18.1081 18.1081 14.7701 22.8224 ]
D = [ 884 897 1171 1144 1309 1447 1600 1688 1896 2082 2050 2253 2462 2438 2567 2813 2934 2995 3093 3229 3328 3514 3760 3763 3909 3733 3546 3408 3379 3093 2974 2877 2658 2501 2432 2555 2715 2794 3059 3114 3249 2939 2838 2455 2175 2073 1807 1519 1289 1342 1498 1510 1715 1705 1845 2102 2129 2327 2336 2545 2645 2810 2843 3053 3146 3266 3275 3504 3600 3672 3882 3955 4022 3900 3758 3483 3342 3077 3005 2779 2632 2414 2265 2412 2640 2720 3005 3141 3483 3142 2851 2473 2176 1799 1512 1190 ]
