n = 20 ; 
T = 96 ; 
Init = [ 1 0 0 0 1 0 0 0 0 1 0 1 1 0 0 1 1 1 0 0 ]
L = [ 11 19 11 13 8 4 15 4 12 17 17 13 13 13 16 4 8 9 17 12 ]
l = [ 11 19 11 13 8 4 15 4 12 17 17 13 13 13 16 4 8 9 17 12 ]
Pmin = [ 233 378 219 228 134 89 308 39 258 345 360 230 233 245 338 59 152 156 332 237 ]
Pmax = [ 235 420 238 253 134 89 328 41 268 381 375 245 258 254 359 61 155 159 345 251 ]
cf = [ 31.6131 60.609 43.911 31.6898 26.9418 7.22639 38.1647 49.7558 29.0584 12.7536 69.8363 30.2162 28.3139 27.5903 65.3154 65.8523 34.7975 23.8892 14.6225 57.2266 ]
c0 = [ 162 250 160 171 114 76 215 47 185 240 250 181 175 190 247 58 131 122 226 171 ]
cp = [ 33.0373 9.69524 26.2004 20.5741 36.3679 40.8355 23.8669 41.9058 31.2249 16.1627 22.8687 23.8443 24.1765 20.4549 10.8902 35.3916 29.0648 28.4402 12.2415 20.3891 ]
D = [ 805 892 1068 1083 1325 1343 1547 1694 1842 2012 2145 2238 2317 2483 2518 2729 2878 2978 3184 3331 3360 3567 3627 3803 3984 3696 3567 3499 3356 3154 3006 2836 2589 2486 2375 2592 2729 2867 3098 3251 3427 3182 2994 2639 2427 2142 1866 1495 1247 1272 1418 1615 1670 1730 1943 1954 2202 2226 2326 2454 2525 2648 2894 2909 3069 3274 3271 3469 3594 3697 3791 3915 4026 3745 3725 3453 3277 3122 3008 2866 2621 2360 2300 2515 2542 2746 3033 3193 3305 2945 2662 2453 2100 1948 1637 1328 ]
