n = 20 ; 
T = 96 ; 
Init = [ 1 0 0 1 1 1 0 0 0 0 0 1 0 0 1 1 1 1 0 0 ]
L = [ 8 12 17 8 8 5 9 17 18 17 19 9 7 12 10 13 20 10 16 12 ]
l = [ 8 12 17 8 8 5 9 17 18 17 19 9 7 12 10 13 20 10 16 12 ]
Pmin = [ 148 243 359 136 140 71 151 354 364 334 378 168 130 232 196 251 378 210 333 273 ]
Pmax = [ 148 251 369 144 140 71 160 358 393 368 420 168 130 237 217 270 420 216 355 273 ]
cf = [ 60.3594 63.8108 65.4406 55.1643 33.5229 67.4513 7.01408 8.08274 32.0105 31.0474 65.5862 41.4019 51.5986 65.2628 23.8428 42.0333 55.9031 36.7842 8.90543 41.366 ]
c0 = [ 113 175 250 118 123 81 116 246 250 241 250 131 104 164 151 194 250 164 241 191 ]
cp = [ 34.951 23.2685 20.4157 37.2877 34.1893 39.2734 29.0642 18.7782 12.2196 17.7617 12.7088 30.747 36.9202 34.495 25.7023 24.0578 8.18139 37.4036 11.0951 25.326 ]
D = [ 600 753 906 1008 1180 1408 1435 1617 1850 2034 2152 2298 2490 2611 2641 2829 3053 3199 3418 3495 3704 3790 3909 4061 4252 4122 3880 3752 3535 3219 3089 2866 2739 2422 2337 2438 2779 2964 3095 3329 3546 3172 2929 2714 2496 2131 1953 1619 1330 1408 1661 1672 1888 2018 2191 2284 2288 2431 2589 2656 2906 2963 3169 3214 3386 3437 3496 3751 3829 3942 4060 4230 4247 4176 3931 3794 3584 3295 3063 2867 2722 2621 2315 2617 2690 2790 3063 3205 3327 3038 2902 2553 2386 2148 1909 1607 ]
