n = 20 ; 
T = 96 ; 
Init = [ 1 1 0 1 0 1 1 0 1 1 0 0 1 0 1 0 0 1 0 1 ]
L = [ 6 11 11 11 16 16 18 18 20 8 8 10 17 17 12 12 18 18 17 5 ]
l = [ 6 11 11 11 16 16 18 18 20 8 8 10 17 17 12 12 18 18 17 5 ]
Pmin = [ 76 228 228 239 329 329 371 371 378 135 135 190 353 353 213 213 375 375 363 78 ]
Pmax = [ 76 242 242 239 347 347 384 384 420 135 135 190 355 355 234 234 381 381 364 85 ]
cf = [ 57.5904 15.836 15.836 27.5391 60.4283 60.4283 60.6488 60.6488 55.0626 19.6794 19.6794 21.6997 23.7634 23.7634 42.9747 42.9747 54.4981 54.4981 9.33509 9.16073 ]
c0 = [ 82 168 168 187 235 235 250 250 250 116 116 154 250 250 156 156 250 250 250 79 ]
cp = [ 40.5124 29.2081 29.2081 27.93 23.6068 23.6068 12.0582 12.0582 9.26732 30.7886 30.7886 26.126 12.0138 12.0138 33.1555 33.1555 10.201 10.201 12.7793 37.2047 ]
D = [ 792 1021 1079 1399 1527 1603 1811 2008 2122 2233 2431 2526 2726 2726 3032 3091 3333 3492 3550 3732 3888 4071 4143 4413 4559 4189 4115 3886 3655 3593 3252 3117 2930 2701 2530 2742 3064 3168 3427 3710 3979 3498 3144 2880 2453 2254 1898 1562 1188 1206 1480 1616 1752 1783 1879 2146 2232 2385 2451 2704 2877 2925 3066 3318 3394 3588 3675 3827 4019 3989 4270 4412 4582 4333 4090 3822 3621 3545 3211 2979 2781 2580 2548 2813 2971 3362 3549 3858 4057 3757 3357 2972 2579 2383 1906 1654 ]
