n = 20 ; 
T = 96 ; 
Init = [ 0 0 0 0 1 1 1 1 1 1 1 0 0 0 0 0 1 0 0 1 ]
L = [ 8 16 4 14 11 9 18 6 17 11 6 15 5 10 16 14 10 8 5 19 ]
l = [ 8 16 4 14 11 9 18 6 17 11 6 15 5 10 16 14 10 8 5 19 ]
Pmin = [ 141 331 49 304 229 161 351 115 340 206 92 308 64 180 356 288 166 158 58 378 ]
Pmax = [ 141 331 49 304 243 176 385 115 356 206 92 308 64 184 369 310 173 158 58 419 ]
cf = [ 44.8982 32.9124 55.0681 62.1265 58.2294 33.0846 15.8821 12.2798 28.9995 26.8446 60.1753 33.5917 10.5654 50.5262 18.5349 59.8368 38.3624 63.6954 53.0511 37.6814 ]
c0 = [ 107 237 68 222 176 135 249 109 249 149 89 223 61 134 250 205 127 134 58 250 ]
cp = [ 32.6052 14.9075 41.5338 10.2491 34.026 28.4179 9.70896 34.7817 14.5664 25.408 33.2986 23.0922 41.6419 18.3741 12.7013 25.866 27.2466 35.8478 36.3421 9.61202 ]
D = [ 493 581 754 850 989 1118 1170 1279 1465 1535 1634 1916 1943 2033 2197 2379 2553 2650 2773 2888 3064 3132 3193 3433 3473 3374 3265 3070 2946 2680 2547 2471 2325 2075 1968 2166 2411 2561 2740 2881 3134 2832 2515 2214 2034 1752 1505 1211 903 973 1119 1186 1299 1404 1500 1661 1785 1959 1967 2155 2213 2401 2492 2520 2707 2759 2860 3016 3184 3256 3342 3500 3596 3389 3234 3079 2998 2847 2650 2467 2433 2268 2037 2142 2266 2477 2630 2763 2873 2697 2360 2192 1928 1730 1475 1284 ]
