n = 20 ; 
T = 96 ; 
Init = [ 0 1 1 0 1 0 1 0 1 1 0 0 1 0 1 0 1 0 1 0 ]
L = [ 14 4 4 17 17 10 11 15 5 5 19 5 5 8 12 12 16 16 4 4 ]
l = [ 14 4 4 17 17 10 11 15 5 5 19 5 5 8 12 12 16 16 4 4 ]
Pmin = [ 261 54 54 331 331 174 201 292 102 102 378 96 96 160 257 257 343 343 73 73 ]
Pmax = [ 262 54 54 349 349 190 222 324 102 102 420 96 96 165 257 257 344 344 73 73 ]
cf = [ 47.0413 7.83412 7.83412 35.3625 35.3625 38.3582 19.4106 61.3964 23.5781 23.5781 59.57 22.9196 22.9196 59.4275 14.4316 14.4316 37.7748 37.7748 23.7039 23.7039 ]
c0 = [ 184 62 62 241 241 142 144 199 98 98 250 78 78 119 179 179 244 244 71 71 ]
cp = [ 20.0968 40.8928 40.8928 26.4152 26.4152 26.6915 31.3311 18.1763 35.9286 35.9286 8.19909 39.4968 39.4968 34.1688 24.4932 24.4932 14.527 14.527 41.6002 41.6002 ]
D = [ 407 567 666 819 957 958 1129 1175 1390 1419 1568 1734 1823 1908 2136 2163 2291 2425 2567 2658 2824 2987 3032 3188 3249 3139 3027 2875 2667 2649 2443 2310 2183 1954 1851 2017 2092 2167 2404 2425 2556 2494 2232 2003 1757 1601 1426 1186 1048 1124 1235 1360 1322 1429 1641 1584 1779 1857 1968 2081 2055 2203 2263 2330 2438 2538 2608 2703 2740 2927 2974 3053 3114 3055 2977 2868 2737 2611 2436 2305 2166 2014 1919 2073 2210 2361 2518 2612 2752 2541 2268 2051 1899 1597 1359 1077 ]
