n = 20 ; 
T = 96 ; 
Init = [ 1 0 0 1 1 0 1 0 1 0 1 1 0 0 0 1 1 0 1 0 ]
L = [ 5 9 13 8 9 19 16 15 16 16 12 11 8 7 7 16 14 17 7 20 ]
l = [ 5 9 13 8 9 19 16 15 16 16 12 11 8 7 7 16 14 17 7 20 ]
Pmin = [ 79 158 285 170 178 378 329 309 308 287 224 203 154 133 115 316 264 359 92 378 ]
Pmax = [ 79 158 285 170 188 408 329 328 326 314 242 224 155 133 115 338 292 371 97 416 ]
cf = [ 59.4263 27.4235 67.1647 22.7651 14.8654 41.8728 41.9922 16.5576 23.3518 49.9873 43.2396 9.99359 13.3653 69.1915 45.032 19.3022 61.8567 39.7267 42.2703 40.8766 ]
c0 = [ 84 125 202 135 130 250 240 216 222 215 168 163 125 112 106 229 192 250 79 250 ]
cp = [ 38.5069 33.466 15.7425 36.8385 32.0251 13.7589 15.6685 14.6424 18.8902 16.8511 21.923 20.0387 28.0812 31.349 33.9985 18.3164 17.3384 29.0886 25.6644 9.85478 ]
D = [ 603 857 893 1192 1344 1336 1618 1678 1967 2121 2158 2342 2497 2642 2847 2896 3022 3312 3371 3477 3697 3864 4092 4249 4241 4098 3871 3614 3530 3223 3081 2739 2533 2458 2079 2305 2683 2865 2998 3330 3514 3202 2873 2547 2229 1951 1705 1360 1070 1243 1361 1539 1700 1776 1903 1971 2121 2302 2379 2486 2686 2772 2859 3024 3210 3229 3362 3531 3699 3801 3947 3950 4101 3895 3752 3556 3435 3334 3107 2966 2730 2494 2404 2544 2782 2853 3116 3195 3320 3080 2866 2609 2147 1892 1675 1453 ]
