n = 20 ; 
T = 96 ; 
Init = [ 1 1 1 0 1 1 1 1 0 1 1 0 1 0 0 0 0 0 1 0 ]
L = [ 10 18 8 17 9 15 18 10 19 14 19 20 11 12 15 10 16 19 15 10 ]
l = [ 10 18 8 17 9 15 18 10 19 14 19 20 11 12 15 10 16 19 15 10 ]
Pmin = [ 204 366 121 338 147 271 368 178 378 266 378 378 180 230 309 193 314 378 289 177 ]
Pmax = [ 204 399 129 373 161 294 375 184 420 272 417 420 197 237 334 199 328 414 289 189 ]
cf = [ 33.1503 26.2576 41.2884 37.8813 55.6173 56.1093 62.4911 24.9392 35.1465 53.7542 36.9627 19.8536 10.765 11.6677 23.7838 13.8445 46.2485 60.7361 36.4201 47.8978 ]
c0 = [ 160 250 106 227 110 197 250 136 250 196 250 250 148 164 229 157 219 250 201 144 ]
cp = [ 28.0646 10.3484 29.0248 21.1618 34.7085 17.7055 18.385 33.8292 8.72253 26.3793 10.7271 8.06502 19.205 19.8168 13.7434 17.7734 23.2176 13.5997 20.1837 28.9513 ]
D = [ 821 926 1045 1284 1476 1707 1871 2040 2106 2259 2489 2556 2730 3048 3150 3389 3432 3692 3900 3946 4031 4204 4362 4714 4803 4626 4354 4071 3907 3806 3596 3399 3020 2979 2639 2954 3213 3539 3640 4015 4111 3904 3374 3106 2834 2457 2045 1651 1401 1497 1764 1764 2013 2206 2250 2390 2580 2636 2822 2964 3105 3363 3304 3528 3646 3935 4013 4054 4160 4317 4650 4725 4817 4522 4297 4218 3972 3731 3418 3214 3142 2953 2604 2866 3170 3383 3641 3775 3901 3649 3229 3016 2662 2255 2123 1744 ]
