n = 20 ; 
T = 96 ; 
Init = [ 0 0 1 0 0 0 0 1 1 0 0 0 0 0 1 0 1 0 0 1 ]
L = [ 5 19 19 20 16 16 14 20 14 14 19 19 4 4 11 11 15 15 19 19 ]
l = [ 5 19 19 20 16 16 14 20 14 14 19 19 4 4 11 11 15 15 19 19 ]
Pmin = [ 90 362 362 378 290 290 295 378 276 276 378 378 43 43 204 204 324 324 356 356 ]
Pmax = [ 90 387 387 420 322 322 295 420 289 289 418 418 43 43 224 224 329 329 394 394 ]
cf = [ 49.928 43.0731 43.0731 44.8116 62.2239 62.2239 18.265 51.3275 64.6936 64.6936 23.4069 23.4069 12.6578 12.6578 31.0914 31.0914 60.6839 60.6839 12.4873 12.4873 ]
c0 = [ 96 246 246 250 216 216 209 250 192 192 250 250 55 55 146 146 230 230 240 240 ]
cp = [ 40.169 11.4345 11.4345 8.83623 18.892 18.892 24.1648 8.18353 19.4743 19.4743 10.6423 10.6423 41.9484 41.9484 20.4373 20.4373 18.4269 18.4269 11.1757 11.1757 ]
D = [ 609 806 1189 1304 1547 1652 1792 2012 2122 2325 2612 2840 2866 3230 3420 3512 3757 4000 3995 4233 4552 4572 4862 4927 5137 4938 4706 4574 4206 3946 3769 3510 3260 3055 2948 2997 3400 3489 3795 3898 4228 3849 3658 3266 2841 2652 2166 2024 1706 1837 1941 2015 2148 2354 2520 2627 2891 3032 3124 3193 3462 3595 3611 3736 3943 4054 4278 4434 4682 4618 4902 5066 5068 4919 4660 4367 4231 3851 3716 3470 3298 2894 2798 2876 3244 3431 3692 3952 4132 3732 3533 3004 2589 2258 1931 1576 ]
