n = 20 ; 
T = 96 ; 
Init = [ 0 0 0 1 0 1 0 0 0 0 1 0 0 1 1 0 1 0 1 0 ]
L = [ 14 14 18 7 17 19 17 5 6 19 7 8 10 5 17 5 12 9 8 9 ]
l = [ 14 14 18 7 17 19 17 5 6 19 7 8 10 5 17 5 12 9 8 9 ]
Pmin = [ 255 281 358 117 336 378 359 90 114 378 137 168 163 72 341 99 230 166 129 143 ]
Pmax = [ 262 281 391 117 372 420 375 91 114 420 137 168 172 72 354 99 247 166 129 157 ]
cf = [ 7.97987 51.203 21.4459 22.5759 18.4054 61.0651 60.0308 31.7179 35.8107 25.0953 34.6108 31.4699 49.307 36.5945 28.4993 43.6795 40.1371 23.413 21.2059 68.7603 ]
c0 = [ 195 199 238 112 245 250 250 88 99 250 122 143 136 64 240 98 162 124 99 121 ]
cp = [ 28.0998 27.8307 14.5475 35.3106 11.142 8.74098 16.9198 39.1186 39.3338 12.2808 32.1608 36.6674 29.2577 41.1807 17.659 40.2532 24.6549 32.6319 23.4672 22.033 ]
D = [ 521 697 727 925 1081 1209 1303 1407 1457 1719 1813 1809 2068 2088 2260 2326 2535 2699 2812 2823 2966 3119 3285 3384 3531 3377 3239 3085 2908 2779 2645 2369 2291 2062 2023 2130 2222 2472 2558 2739 2961 2802 2475 2287 2022 1906 1660 1479 1217 1289 1405 1476 1730 1846 1895 2009 2147 2239 2266 2494 2539 2673 2664 2795 3016 3025 3213 3325 3388 3439 3666 3663 3849 3656 3503 3357 3084 2922 2762 2615 2417 2264 2080 2236 2463 2593 2755 3012 3127 2930 2700 2473 2137 1956 1587 1364 ]
