n = 20 ; 
T = 96 ; 
Init = [ 1 1 1 0 1 1 0 1 0 1 1 1 1 0 0 0 0 1 1 0 ]
L = [ 13 13 7 11 9 9 15 15 10 17 17 14 6 6 11 11 15 9 17 8 ]
l = [ 13 13 7 11 9 9 15 15 10 17 17 14 6 6 11 11 15 9 17 8 ]
Pmin = [ 246 246 131 221 166 166 285 285 186 364 364 296 91 91 226 226 302 170 336 145 ]
Pmax = [ 273 273 131 221 167 167 291 291 186 370 370 296 91 91 226 226 302 182 366 145 ]
cf = [ 62.9046 62.9046 63.8214 52.5409 12.4199 12.4199 49.8705 49.8705 53.9813 30.7147 30.7147 45.7734 26.8854 26.8854 21.1573 21.1573 10.1321 60.547 24.2025 23.0227 ]
c0 = [ 181 181 100 159 128 128 194 194 137 250 250 214 95 95 173 173 220 143 234 117 ]
cp = [ 33.3774 33.3774 24.811 27.1187 27.5714 27.5714 22.768 22.768 28.5356 9.59215 9.59215 18.5151 34.947 34.947 22.99 22.99 23.1309 30.2953 13.3516 28.4105 ]
D = [ 761 812 944 1167 1172 1407 1517 1525 1729 1901 2011 2056 2164 2315 2479 2572 2692 2823 2988 3105 3220 3243 3386 3588 3609 3547 3364 3281 3146 2940 2855 2636 2528 2281 2162 2401 2559 2549 2843 2911 3121 2829 2588 2211 1946 1746 1510 1242 955 1041 1194 1407 1460 1509 1738 1736 2020 2010 2221 2239 2430 2566 2598 2807 2923 3052 3157 3239 3386 3543 3619 3654 3834 3603 3577 3353 3106 2967 2709 2636 2464 2239 2088 2201 2429 2569 2730 2952 3132 2936 2606 2238 2058 1811 1531 1177 ]
