n = 20 ; 
T = 96 ; 
Init = [ 0 1 1 1 1 1 1 1 1 0 1 0 1 1 0 0 0 1 1 0 ]
L = [ 8 11 14 13 11 16 15 10 6 12 6 16 7 10 9 5 20 20 15 16 ]
l = [ 8 11 14 13 11 16 15 10 6 12 6 16 7 10 9 5 20 20 15 16 ]
Pmin = [ 147 187 289 264 221 303 274 202 110 230 87 314 117 207 188 54 378 378 300 343 ]
Pmax = [ 147 205 306 264 221 333 302 202 110 232 94 341 117 207 188 57 420 417 315 359 ]
cf = [ 68.2905 44.7838 48.4127 46.8741 30.1736 36.6715 52.3805 27.628 29.2845 17.5105 61.8321 31.4072 38.7364 10.5375 50.9092 46.142 11.0101 29.9357 37.0134 12.7337 ]
c0 = [ 110 141 200 187 156 204 201 162 87 180 85 221 91 166 141 67 250 250 214 239 ]
cp = [ 36.5744 29.791 17.8498 22.1018 16.1682 12.6665 17.2299 22.0613 34.8306 13.8084 40.9988 18.6051 40.5742 36.6218 29.9095 38.7008 8.38575 8.75648 13.2055 16.8629 ]
D = [ 654 642 779 961 1149 1276 1372 1494 1631 1899 1974 2129 2265 2448 2607 2710 2840 2915 3038 3265 3277 3563 3692 3756 3886 3803 3588 3347 3178 2927 2799 2610 2385 2256 2110 2358 2640 2875 3106 3210 3575 3201 2958 2602 2272 2050 1659 1497 1126 1225 1367 1440 1507 1590 1853 1852 1989 2069 2201 2392 2508 2470 2702 2813 2942 3038 3095 3151 3303 3482 3508 3563 3826 3547 3524 3237 3185 3049 2803 2616 2470 2256 2210 2351 2441 2702 2909 3027 3258 2886 2660 2473 2131 1851 1664 1342 ]
