n = 20 ; 
T = 96 ; 
Init = [ 1 1 1 0 0 1 1 0 0 1 1 0 0 1 1 0 1 0 1 1 ]
L = [ 19 19 7 7 19 14 14 12 12 11 11 6 6 19 19 5 5 6 18 5 ]
l = [ 19 19 7 7 19 14 14 12 12 11 11 6 6 19 19 5 5 6 18 5 ]
Pmin = [ 378 378 137 137 370 286 286 235 235 230 230 80 80 378 378 72 72 100 378 69 ]
Pmax = [ 420 420 137 137 407 303 303 240 240 230 230 80 80 420 420 72 72 104 381 69 ]
cf = [ 29.6511 29.6511 22.9017 22.9017 27.225 41.4829 41.4829 31.2109 31.2109 56.7031 56.7031 28.6019 28.6019 17.0159 17.0159 25.723 25.723 7.33655 22.2689 48.3811 ]
c0 = [ 250 250 120 120 249 207 207 169 169 165 165 78 78 250 250 75 75 88 250 68 ]
cp = [ 12.9207 12.9207 37.6188 37.6188 9.15196 11.4617 11.4617 28.6961 28.6961 34.8975 34.8975 36.9773 36.9773 11.4381 11.4381 37.58 37.58 36.6874 11.0659 40.9971 ]
D = [ 421 603 744 905 1102 1154 1421 1600 1664 1797 1948 2082 2311 2430 2588 2766 2926 2982 3187 3279 3483 3664 3846 3893 4120 3973 3651 3513 3266 3028 2936 2680 2472 2195 2123 2173 2356 2611 2863 2959 3195 2835 2649 2352 2132 1779 1509 1298 1000 1225 1314 1509 1617 1600 1754 1830 2100 2204 2277 2301 2538 2655 2683 2821 3009 3126 3146 3405 3420 3574 3697 3791 3932 3804 3585 3469 3154 2971 2925 2628 2551 2301 2081 2388 2571 2781 3045 3205 3400 3098 2816 2608 2303 1930 1567 1332 ]
