n = 20 ; 
T = 96 ; 
Init = [ 1 0 0 1 1 1 0 0 1 1 1 0 1 0 1 0 0 1 1 0 ]
L = [ 20 13 12 19 9 6 5 17 18 15 9 16 7 19 4 17 15 18 10 14 ]
l = [ 20 13 12 19 9 6 5 17 18 15 9 16 7 19 4 17 15 18 10 14 ]
Pmin = [ 378 222 237 378 191 114 67 352 378 293 139 327 121 378 41 312 327 371 185 256 ]
Pmax = [ 418 235 262 420 191 114 67 365 384 322 142 361 129 418 41 344 327 386 185 282 ]
cf = [ 28.9049 17.3914 60.2235 36.3587 25.0162 31.4546 40.7115 20.8472 9.71549 15.6945 25.0719 29.851 62.2109 22.845 33.2699 36.2514 24.7662 36.6957 67.6294 36.486 ]
c0 = [ 250 171 185 250 149 89 61 245 250 204 126 225 105 250 59 214 238 250 151 193 ]
cp = [ 8.85086 26.2318 22.5186 8.91515 34.9731 39.2752 40.9851 9.17832 11.086 15.0893 34.5503 18.7514 39.2395 13.1254 41.9192 9.34847 14.2892 13.1901 38.2007 18.2199 ]
D = [ 859 1011 1231 1349 1420 1625 1657 1891 2033 2187 2385 2548 2533 2668 2994 2998 3163 3305 3412 3651 3826 3942 4145 4159 4372 4156 4103 3840 3586 3438 3316 3153 3010 2763 2572 2672 3002 3015 3203 3330 3550 3184 2921 2773 2397 2115 1825 1666 1280 1477 1571 1709 1829 2033 2092 2239 2297 2566 2546 2731 2785 2921 3094 3216 3397 3554 3554 3632 3789 3904 4069 4207 4295 4048 4045 3749 3501 3307 3113 2921 2801 2577 2401 2713 2808 3202 3339 3567 3909 3514 3217 2904 2522 2075 1760 1436 ]
