n = 20 ; 
T = 96 ; 
Init = [ 1 0 1 0 0 1 0 1 1 0 0 0 1 1 0 0 1 1 0 0 ]
L = [ 18 9 9 14 16 19 19 19 19 16 16 7 19 19 19 19 18 19 13 13 ]
l = [ 18 9 9 14 16 19 19 19 19 16 16 7 19 19 19 19 18 19 13 13 ]
Pmin = [ 378 154 154 276 344 378 378 378 378 330 330 123 378 378 378 378 337 378 246 246 ]
Pmax = [ 403 154 154 302 361 410 410 420 420 331 331 123 413 413 420 420 370 420 269 269 ]
cf = [ 33.4045 25.4459 25.4459 57.7649 41.4736 23.6016 23.6016 18.289 18.289 60.9927 60.9927 21.6824 7.79686 7.79686 67.2681 67.2681 39.9961 55.6032 17.966 17.966 ]
c0 = [ 250 118 118 193 235 250 250 250 250 225 225 95 250 250 250 250 245 250 175 175 ]
cp = [ 12.6808 33.9174 33.9174 26.5895 12.9371 11.0367 11.0367 12.9256 12.9256 18.5962 18.5962 32.3819 9.55365 9.55365 9.45719 9.45719 10.8367 11.9554 19.0325 19.0325 ]
D = [ 693 748 1112 1233 1412 1783 1960 2107 2353 2464 2794 3019 3048 3218 3642 3657 3972 4204 4321 4529 4826 4971 5105 5501 5623 5412 5196 4857 4594 4235 4102 3725 3469 3238 3031 3258 3447 3721 4144 4373 4551 4252 3908 3573 3237 2855 2584 2101 1865 2044 2048 2311 2533 2714 2973 3096 3147 3288 3670 3749 3943 4045 4317 4534 4552 4801 4944 5002 5246 5394 5711 5911 5871 5579 5296 5024 4845 4635 4278 3885 3681 3411 3107 3282 3604 3971 4095 4552 4887 4531 3950 3618 3191 2708 2420 2094 ]
