n = 20 ; 
T = 96 ; 
Init = [ 1 1 0 0 0 1 1 0 1 0 0 1 0 0 0 0 1 1 0 1 ]
L = [ 19 4 11 10 17 9 10 16 6 18 10 19 8 20 10 4 17 5 9 17 ]
l = [ 19 4 11 10 17 9 10 16 6 18 10 19 8 20 10 4 17 5 9 17 ]
Pmin = [ 378 30 184 196 357 179 194 318 106 350 207 366 160 378 171 56 344 55 163 347 ]
Pmax = [ 418 33 201 196 359 179 194 342 106 362 207 389 160 420 189 56 372 55 163 367 ]
cf = [ 16.5889 12.6516 24.1784 15.7019 54.7911 26.4088 26.8759 7.84979 50.7967 15.0849 37.3869 13.0356 36.9182 12.2694 24.3304 57.2272 16.6727 14.464 44.5751 32.3273 ]
c0 = [ 250 45 144 143 244 130 156 231 89 237 154 250 122 250 135 56 229 63 128 250 ]
cp = [ 11.1345 41.9812 15.6996 25.3558 10.9978 26.703 37.916 17.0677 32.8249 16.7906 28.1196 10.2899 31.47 8.65928 19.7113 39.6552 22.8704 40.1097 30.8222 13.2643 ]
D = [ 613 741 837 940 1062 1231 1386 1496 1697 1829 2047 2170 2303 2469 2536 2744 2798 2971 3072 3231 3438 3456 3677 3704 3979 3690 3573 3483 3238 3175 2892 2704 2629 2477 2253 2477 2671 2780 2974 3056 3157 2993 2621 2452 2141 1869 1596 1198 954 1076 1180 1334 1501 1505 1751 1844 1902 2123 2130 2373 2359 2608 2717 2832 2947 2983 3218 3278 3398 3573 3604 3734 3919 3712 3591 3276 3146 2965 2845 2701 2519 2382 2097 2327 2440 2646 2848 3072 3203 3013 2733 2452 2216 1923 1635 1394 ]
