n = 20 ; 
T = 96 ; 
Init = [ 0 0 1 1 1 1 0 1 1 1 0 0 0 1 1 1 1 1 1 1 ]
L = [ 4 13 13 14 6 17 17 18 19 19 15 15 12 12 7 7 8 8 8 8 ]
l = [ 4 13 13 14 6 17 17 18 19 19 15 15 12 12 7 7 8 8 8 8 ]
Pmin = [ 54 233 233 297 97 347 347 378 378 378 295 295 263 263 132 132 125 125 128 128 ]
Pmax = [ 54 251 251 302 97 358 358 415 420 420 314 314 263 263 132 132 128 128 142 142 ]
cf = [ 40.6109 53.5312 53.5312 66.4886 60.4955 52.011 52.011 8.90186 39.9268 39.9268 47.3729 47.3729 8.86366 8.86366 32.8654 32.8654 16.8001 16.8001 42.4015 42.4015 ]
c0 = [ 63 182 182 207 80 250 250 250 250 250 200 200 180 180 105 105 97 97 113 113 ]
cp = [ 41.4242 34.6671 34.6671 21.677 40.8932 11.5171 11.5171 13.5078 21.2329 21.2329 22.7651 22.7651 22.0973 22.0973 37.0466 37.0466 38.6752 38.6752 32.8906 32.8906 ]
D = [ 556 818 811 1095 1163 1420 1453 1558 1852 1868 2128 2299 2403 2505 2745 2739 2974 3109 3240 3320 3489 3716 3919 3954 4195 3999 3771 3474 3344 3140 2887 2795 2527 2298 2165 2353 2412 2700 2846 3051 3208 2884 2708 2419 2228 1967 1702 1422 1173 1351 1427 1498 1645 1799 1937 2076 2173 2238 2305 2549 2677 2773 2915 2993 3075 3262 3337 3340 3594 3624 3859 3918 4106 3819 3719 3384 3351 3064 2951 2692 2464 2309 2181 2391 2502 2803 3033 3302 3371 3218 2923 2669 2315 2044 1749 1359 ]
