n = 20 ; 
T = 96 ; 
Init = [ 0 1 1 0 0 0 0 1 0 1 1 0 0 1 1 0 1 1 0 0 ]
L = [ 19 19 16 7 7 9 16 15 15 11 19 10 13 13 6 12 19 19 12 12 ]
l = [ 19 19 16 7 7 9 16 15 15 11 19 10 13 13 6 12 19 19 12 12 ]
Pmin = [ 378 378 337 125 125 169 307 267 267 221 378 195 261 261 69 235 378 378 228 228 ]
Pmax = [ 420 420 346 125 125 169 317 296 296 221 420 195 261 261 71 240 420 420 242 242 ]
cf = [ 66.8938 66.8938 50.8911 9.8103 9.8103 19.6755 68.5245 13.442 13.442 45.8378 23.84 53.3251 7.67995 7.67995 63.196 54.6566 53.8965 53.8965 52.0051 52.0051 ]
c0 = [ 250 250 241 113 113 140 210 193 193 173 250 157 194 194 77 180 250 250 169 169 ]
cp = [ 10.812 10.812 15.6809 36.4659 36.4659 28.4189 14.1918 14.8274 14.8274 27.0941 12.1874 27.775 20.9837 20.9837 36.8929 13.7733 13.4177 13.4177 24.0582 24.0582 ]
D = [ 487 713 827 1018 1128 1432 1510 1771 1943 2053 2269 2466 2477 2825 2914 2982 3305 3366 3635 3749 3978 4118 4290 4360 4511 4424 4120 3910 3759 3581 3208 3159 2835 2612 2384 2662 3031 3170 3338 3711 3997 3663 3313 2893 2740 2311 1995 1795 1357 1629 1804 1912 1888 2066 2235 2449 2466 2594 2697 2907 3019 3156 3289 3296 3561 3621 3670 3907 3923 4062 4248 4345 4475 4453 4213 3917 3744 3540 3511 3192 3132 2946 2606 2989 3041 3336 3601 3746 3838 3521 3191 2914 2605 2280 1882 1506 ]
