n = 20 ; 
T = 96 ; 
Init = [ 1 0 0 0 1 0 0 0 1 1 1 1 0 1 1 0 1 0 1 0 ]
L = [ 17 15 20 20 4 4 12 12 18 9 12 12 14 9 9 17 4 4 7 7 ]
l = [ 17 15 20 20 4 4 12 12 18 9 12 12 14 9 9 17 4 4 7 7 ]
Pmin = [ 353 344 378 378 59 59 206 206 355 181 259 259 282 156 156 306 82 82 125 125 ]
Pmax = [ 356 347 420 420 59 59 221 221 360 181 259 259 286 156 156 336 82 82 125 125 ]
cf = [ 26.8608 58.679 18.9672 18.9672 60.006 60.006 26.265 26.265 62.4222 38.1527 57.3897 57.3897 41.8734 62.4851 62.4851 41.0575 45.8456 45.8456 29.1245 29.1245 ]
c0 = [ 236 240 250 250 67 67 150 150 239 142 199 199 212 131 131 209 88 88 110 110 ]
cp = [ 11.69 19.827 8.25423 8.25423 40.5526 40.5526 20.1906 20.1906 20.1168 34.8411 25.8563 25.8563 21.075 27.2743 27.2743 21.312 41.6709 41.6709 38.1002 38.1002 ]
D = [ 561 668 782 1055 1153 1193 1310 1490 1591 1651 1907 1938 2099 2241 2396 2446 2533 2700 2870 2906 3090 3169 3296 3413 3629 3413 3327 3141 2972 2756 2608 2558 2326 2170 2107 2317 2382 2617 2721 2928 3101 2792 2524 2351 2063 1827 1746 1422 1145 1334 1349 1525 1610 1749 1738 1917 2054 2139 2232 2359 2364 2510 2545 2628 2721 2807 2905 3080 3124 3276 3389 3424 3558 3495 3321 3079 2994 2754 2662 2563 2414 2239 2054 2174 2321 2473 2674 2861 2837 2667 2517 2199 1914 1702 1532 1243 ]
