n = 20 ; 
T = 96 ; 
Init = [ 0 1 0 0 1 1 1 1 0 1 0 1 0 1 1 1 0 0 0 1 ]
L = [ 10 10 12 11 11 7 7 19 19 11 18 7 7 13 13 16 11 8 8 20 ]
l = [ 10 10 12 11 11 7 7 19 19 11 18 7 7 13 13 16 11 8 8 20 ]
Pmin = [ 196 196 236 191 191 120 120 378 378 226 378 112 112 280 280 343 223 137 137 378 ]
Pmax = [ 196 196 241 209 209 120 120 420 420 226 407 112 112 282 282 343 225 150 150 420 ]
cf = [ 41.318 41.318 62.9908 46.9634 46.9634 66.6096 66.6096 63.5019 63.5019 27.1537 28.7206 13.9409 13.9409 67.3149 67.3149 26.9968 15.755 68.3706 68.3706 20.3833 ]
c0 = [ 139 139 183 150 150 98 98 250 250 171 250 97 97 193 193 239 173 118 118 250 ]
cp = [ 29.9459 29.9459 25.5479 30.593 30.593 35.9915 35.9915 9.93513 9.93513 27.8091 9.62098 34.0251 34.0251 18.4396 18.4396 13.507 29.3572 31.5351 31.5351 8.47236 ]
D = [ 629 745 972 976 1215 1313 1489 1612 1665 1896 2010 2139 2373 2447 2548 2669 2888 2960 3124 3270 3414 3536 3588 3814 4021 3789 3659 3332 3295 3013 2798 2669 2541 2237 2149 2294 2475 2596 2725 2997 3209 2884 2539 2416 2025 1819 1503 1368 1028 1058 1206 1330 1589 1593 1684 1845 1993 2137 2175 2379 2440 2633 2675 2868 3024 3172 3233 3327 3571 3597 3741 3865 4015 3817 3637 3465 3227 3220 3003 2814 2713 2521 2331 2514 2529 2809 2852 3067 3191 2908 2610 2431 2217 1837 1727 1368 ]
