n = 20 ; 
T = 96 ; 
Init = [ 1 0 0 1 0 0 0 0 0 0 1 0 1 0 0 0 1 0 1 1 ]
L = [ 11 11 11 8 18 18 10 10 5 5 17 17 8 19 8 17 17 19 19 13 ]
l = [ 11 11 11 8 18 18 10 10 5 5 17 17 8 19 8 17 17 19 19 13 ]
Pmin = [ 234 234 217 141 374 374 195 195 64 64 365 365 168 367 132 336 336 378 378 282 ]
Pmax = [ 236 236 217 146 403 403 203 203 64 64 368 368 168 396 132 373 373 420 420 282 ]
cf = [ 10.9234 10.9234 13.2838 18.4917 62.8192 62.8192 9.21058 9.21058 67.0258 67.0258 41.8557 41.8557 48.0052 24.3454 65.5445 42.1173 42.1173 65.9638 65.9638 21.2349 ]
c0 = [ 176 176 158 124 250 250 154 154 75 75 250 250 136 250 106 231 231 250 250 192 ]
cp = [ 28.9373 28.9373 20.4594 34.2793 22.6968 22.6968 29.5469 29.5469 38.8585 38.8585 13.3499 13.3499 34.8059 10.7472 34.4368 13.0586 13.0586 13.6674 13.6674 14.3813 ]
D = [ 793 1036 1044 1361 1327 1533 1647 1823 2046 2302 2306 2512 2688 2914 3043 3149 3300 3506 3671 3857 3889 4135 4369 4422 4528 4452 4101 3920 3870 3635 3422 3193 3041 2880 2607 2845 3111 3174 3430 3557 3718 3494 3142 2793 2434 2052 1651 1284 1095 1217 1341 1480 1648 1785 1868 1995 2114 2364 2534 2687 2657 2880 3114 3164 3256 3432 3660 3667 3833 4054 4246 4373 4534 4377 4187 3969 3815 3506 3322 3247 2917 2915 2632 2901 3061 3291 3341 3679 3814 3411 3279 2964 2641 2397 1988 1815 ]
