n = 20 ; 
T = 96 ; 
Init = [ 1 1 1 1 0 0 0 0 1 1 1 0 1 1 0 0 0 0 0 0 ]
L = [ 4 12 14 4 14 14 13 5 10 5 6 5 20 14 20 19 6 9 6 15 ]
l = [ 4 12 14 4 14 14 13 5 10 5 6 5 20 14 20 19 6 9 6 15 ]
Pmin = [ 51 234 273 67 263 299 251 62 194 80 124 93 378 272 378 378 106 157 110 310 ]
Pmax = [ 51 242 274 67 273 299 251 62 194 80 124 93 420 299 420 405 106 157 110 310 ]
cf = [ 7.67094 44.2257 50.313 34.5019 48.1761 68.618 13.3182 9.48158 34.2683 55.3393 69.7266 15.9314 23.3025 54.3049 36.4524 37.1295 67.664 20.6871 48.6452 44.6817 ]
c0 = [ 66 173 203 67 185 206 189 61 151 74 112 95 250 196 250 250 94 117 106 214 ]
cp = [ 41.2419 36.0921 28.9711 41.6462 22.1014 15.5645 21.4378 39.3591 29.7019 40.8586 31.4244 37.715 8.88274 22.3745 8.81011 11.7693 40.8971 26.2202 39.6069 31.3718 ]
D = [ 609 665 770 969 996 1153 1316 1431 1450 1574 1722 1792 1934 2073 2202 2243 2417 2569 2627 2724 2832 3045 3063 3210 3338 3241 2958 2819 2732 2559 2528 2272 2194 2000 1829 2146 2327 2382 2700 2785 3001 2752 2497 2294 1916 1676 1398 1232 925 1108 1093 1217 1413 1402 1583 1596 1697 1918 1996 2047 2240 2294 2337 2396 2580 2673 2760 2801 3050 3040 3115 3231 3355 3275 3046 3000 2843 2662 2487 2307 2207 2068 1912 2058 2263 2337 2547 2752 2793 2560 2296 2010 1883 1560 1231 1034 ]
