n = 20 ; 
T = 96 ; 
Init = [ 1 1 0 0 0 1 0 0 0 0 0 0 1 0 0 0 0 0 1 1 ]
L = [ 18 17 16 20 18 16 6 15 7 6 4 14 6 8 8 7 8 13 11 8 ]
l = [ 18 17 16 20 18 16 6 15 7 6 4 14 6 8 8 7 8 13 11 8 ]
Pmin = [ 348 351 290 378 341 322 106 290 119 108 73 292 114 168 155 106 150 241 239 139 ]
Pmax = [ 383 360 319 420 378 336 106 316 119 108 73 306 114 168 155 106 153 246 239 140 ]
cf = [ 19.3837 35.4494 34.9341 19.0943 17.2762 28.2327 49.2144 38.7787 61.9274 32.7051 62.1408 59.848 67.4888 20.4668 31.3919 22.9441 7.28882 26.2995 34.8133 68.1802 ]
c0 = [ 250 246 204 250 234 233 104 200 113 103 75 199 101 135 114 97 114 174 182 126 ]
cp = [ 20.0287 12.5362 20.8097 8.71847 12.6609 13.7903 34.6762 19.736 32.0104 34.7384 41.983 19.2747 38.622 28.0381 37.4198 35.9543 32.7982 18.3493 22.3388 26.8457 ]
D = [ 392 577 779 863 952 1194 1312 1444 1519 1761 1887 1991 2123 2222 2387 2607 2618 2777 3017 3070 3258 3311 3488 3725 3801 3598 3396 3305 3116 3026 2745 2634 2426 2373 2207 2269 2473 2607 2826 2967 3038 2803 2467 2254 1979 1668 1372 1134 775 1029 1082 1154 1368 1328 1539 1661 1667 1930 2007 2122 2217 2363 2361 2597 2641 2787 2937 3030 3125 3182 3285 3354 3565 3443 3235 3099 2939 2774 2642 2480 2291 2100 1898 2132 2275 2494 2572 2774 2978 2636 2456 2259 2116 1821 1582 1369 ]
