n = 20 ; 
T = 96 ; 
Init = [ 0 0 1 1 1 1 0 0 0 0 0 1 1 0 1 1 1 0 0 1 ]
L = [ 17 20 19 12 16 13 12 13 7 19 14 13 16 7 6 18 16 18 19 5 ]
l = [ 17 20 19 12 16 13 12 13 7 19 14 13 16 7 6 18 16 18 19 5 ]
Pmin = [ 358 378 378 276 322 274 249 266 138 374 280 232 301 141 116 345 304 374 378 68 ]
Pmax = [ 365 420 420 276 355 274 249 274 144 415 283 239 325 141 116 379 337 377 414 76 ]
cf = [ 56.4712 10.5371 29.4562 8.6134 48.6905 59.2234 15.5032 49.6316 56.221 49.6322 50.1763 7.43413 57.3682 55.9193 31.0909 58.2468 44.8851 65.0707 18.4068 48.5667 ]
c0 = [ 242 250 250 196 216 204 183 190 104 250 197 180 220 122 108 248 220 250 250 80 ]
cp = [ 13.5053 9.51902 10.3311 27.3172 21.5152 22.0429 22.3765 16.2559 29.523 10.6793 30.6339 18.9714 9.22774 38.154 31.9462 10.7046 25.0149 18.5292 9.40371 41.285 ]
D = [ 899 1052 1353 1344 1625 1823 2010 2132 2177 2510 2553 2853 2816 2977 3300 3459 3621 3796 3910 4067 4156 4364 4475 4634 4898 4732 4520 4350 3975 3751 3531 3397 3161 2858 2769 2852 3223 3358 3617 3649 3953 3563 3205 2999 2605 2406 1975 1797 1386 1588 1722 1789 1996 2177 2305 2506 2683 2677 2859 2951 3290 3350 3609 3660 3775 3862 4013 4278 4328 4594 4787 4959 5116 4863 4578 4422 4087 3857 3802 3549 3369 3078 2740 3014 3149 3404 3508 3669 3983 3616 3216 2997 2538 2244 1925 1647 ]
