n = 20 ; 
T = 96 ; 
Init = [ 1 1 0 1 1 1 1 0 0 0 1 1 0 0 1 1 0 0 1 1 ]
L = [ 14 6 19 7 19 18 18 17 15 19 11 17 17 10 6 8 18 10 9 20 ]
l = [ 14 6 19 7 19 18 18 17 15 19 11 17 17 10 6 8 18 10 9 20 ]
Pmin = [ 315 109 378 89 363 375 378 324 325 378 221 337 363 204 109 111 356 221 160 378 ]
Pmax = [ 318 118 420 94 388 384 406 357 327 420 233 341 366 204 109 120 381 221 166 420 ]
cf = [ 7.46837 60.7305 25.4544 66.7008 46.4144 25.4227 7.98489 69.9474 10.3323 26.0775 7.30586 55.661 32.7548 14.854 10.2272 24.1796 34.3692 37.0927 51.4181 49.5425 ]
c0 = [ 227 88 250 79 250 250 250 226 223 250 160 226 243 161 89 97 250 175 129 250 ]
cp = [ 14.1013 34.6241 8.7974 32.8569 15.2267 14.2269 13.177 10.0397 30.455 8.42102 21.0285 17.2642 16.9749 25.01 39.5822 29.4165 12.041 23.5804 34.978 9.3112 ]
D = [ 900 901 1140 1403 1530 1751 1915 2010 2109 2415 2440 2683 2929 2951 3205 3290 3462 3667 3888 4000 4189 4458 4604 4802 4905 4638 4394 4194 3866 3815 3441 3346 2912 2821 2604 2858 3118 3411 3590 3995 4207 3835 3478 3145 2840 2566 2148 1845 1497 1573 1719 1787 2072 2255 2232 2489 2536 2655 2930 2909 3263 3298 3474 3627 3777 3865 3952 4072 4359 4454 4611 4752 4771 4595 4467 4089 3894 3673 3366 3128 3057 2756 2444 2813 3066 3316 3586 3959 4188 3982 3583 3200 2888 2523 2152 1849 ]
