n = 20 ; 
T = 96 ; 
Init = [ 0 0 1 0 1 1 0 0 0 0 0 1 0 0 1 0 1 0 0 0 ]
L = [ 18 17 17 11 18 4 8 15 18 19 15 9 19 9 20 5 12 11 11 9 ]
l = [ 18 17 17 11 18 4 8 15 18 19 15 9 19 9 20 5 12 11 11 9 ]
Pmin = [ 378 336 354 212 370 68 142 295 378 378 304 161 378 154 378 70 212 224 195 178 ]
Pmax = [ 410 360 379 231 395 70 146 309 402 416 319 161 403 167 420 70 233 224 207 178 ]
cf = [ 9.78861 66.7447 22.2618 65.3244 10.3112 35.6026 40.1749 14.5699 31.2801 54.0769 66.9163 54.7636 38.1008 29.5027 41.4963 12.9821 14.7897 35.7204 17.2989 25.97 ]
c0 = [ 250 241 244 166 250 77 126 201 250 250 214 127 250 130 250 62 169 175 148 143 ]
cp = [ 21.1912 18.2419 21.0518 25.4289 14.7269 39.8513 34.7245 27.9235 13.4108 12.0684 22.3963 33.2287 10.1865 28.9412 8.08665 39.7826 28.5645 28.2352 21.3738 32.7563 ]
D = [ 859 1031 1153 1281 1581 1748 1742 2024 2047 2180 2487 2592 2740 2761 2920 3141 3407 3526 3694 3729 3887 4166 4207 4432 4449 4375 4146 3983 3738 3641 3268 3214 2935 2736 2658 2717 2925 3082 3271 3554 3694 3347 3095 2946 2470 2226 1945 1787 1445 1471 1624 1784 1980 1962 2276 2367 2374 2626 2634 2839 3007 3081 3298 3427 3495 3597 3669 3887 4030 4043 4281 4472 4497 4329 4199 3914 3764 3455 3327 3086 2877 2567 2356 2620 2773 2951 3176 3408 3707 3299 3096 2718 2457 2138 1758 1434 ]
