n = 20 ; 
T = 96 ; 
Init = [ 1 0 0 0 0 0 0 0 0 0 1 1 1 1 1 0 1 1 1 1 ]
L = [ 6 15 20 15 7 15 14 19 6 14 5 8 14 15 13 14 14 4 12 10 ]
l = [ 6 15 20 15 7 15 14 19 6 14 5 8 14 15 13 14 14 4 12 10 ]
Pmin = [ 79 332 378 315 157 300 286 378 89 306 77 135 281 323 263 277 255 56 257 173 ]
Pmax = [ 79 332 420 315 157 313 315 412 91 306 77 135 286 333 263 284 279 56 257 173 ]
cf = [ 45.3144 28.0496 10.0718 22.6114 7.13907 65.9691 59.5498 13.9025 58.1537 56.0116 46.9549 25.2061 31.474 28.9496 66.3355 66.3142 36.8691 15.482 55.0829 51.0668 ]
c0 = [ 78 235 250 226 127 205 198 250 79 224 70 115 208 233 193 202 181 68 176 136 ]
cp = [ 36.5062 16.7479 8.39374 19.5769 29.8612 16.8778 23.1973 8.79314 39.9618 18.5262 37.4945 34.0631 17.0951 23.5325 19.4843 22.1242 24.6725 41.6376 22.4073 32.3841 ]
D = [ 941 962 1218 1291 1369 1535 1627 1835 1949 2077 2241 2344 2453 2666 2716 2819 3007 3173 3294 3475 3569 3689 3787 3999 4053 4006 3769 3513 3358 3188 3110 2821 2716 2579 2406 2602 2673 2814 3083 3312 3445 3084 2800 2605 2322 1953 1725 1316 1010 1135 1224 1378 1620 1629 1805 1874 1980 2221 2362 2506 2572 2727 2763 2967 3031 3115 3271 3451 3552 3633 3830 4039 4013 3965 3643 3538 3426 3203 2962 2748 2522 2421 2234 2527 2712 2799 3035 3377 3578 3285 2926 2525 2260 1987 1663 1334 ]
