n = 20 ; 
T = 96 ; 
Init = [ 1 0 0 0 1 1 1 0 1 0 0 1 0 1 0 0 1 1 1 0 ]
L = [ 19 6 6 6 19 19 9 5 14 10 10 13 12 12 20 6 17 17 17 17 ]
l = [ 19 6 6 6 19 19 9 5 14 10 10 13 12 12 20 6 17 17 17 17 ]
Pmin = [ 373 80 80 120 378 378 170 74 303 204 204 259 233 233 378 84 337 337 344 344 ]
Pmax = [ 409 80 80 120 420 420 177 74 303 204 204 259 234 234 420 87 373 373 369 369 ]
cf = [ 51.4936 9.38764 9.38764 18.1741 54.4313 54.4313 30.351 69.9272 35.5492 23.7223 23.7223 30.4775 68.8587 68.8587 26.1339 26.639 20.5876 20.5876 41.3105 41.3105 ]
c0 = [ 250 73 73 97 250 250 141 85 216 161 161 178 176 176 250 74 225 225 242 242 ]
cp = [ 11.4657 39.4017 39.4017 34.695 13.1573 13.1573 31.2639 38.6315 21.8731 37.6511 37.6511 14.6556 36.0147 36.0147 15.1838 34.468 12.1696 12.1696 20.3261 20.3261 ]
D = [ 579 623 771 855 1109 1222 1439 1566 1705 1842 2087 2155 2378 2396 2676 2824 2904 2993 3124 3266 3415 3584 3814 3939 4003 3858 3760 3607 3487 3265 3129 2967 2831 2501 2465 2578 2737 2914 3004 3344 3507 3067 2892 2694 2314 2077 1879 1619 1292 1365 1477 1710 1854 1981 2070 2161 2319 2416 2538 2726 2763 3023 3203 3248 3430 3591 3632 3831 3892 4001 4086 4367 4352 4313 4051 3761 3721 3427 3204 3053 2893 2651 2602 2602 2886 2943 3094 3214 3428 3174 2954 2678 2361 2191 1829 1564 ]
