n = 20 ; 
T = 96 ; 
Init = [ 0 0 0 0 1 0 1 0 0 1 0 1 1 0 0 0 0 1 0 0 ]
L = [ 11 5 8 18 15 19 16 6 17 17 11 15 6 14 9 4 8 18 9 10 ]
l = [ 11 5 8 18 15 19 16 6 17 17 11 15 6 14 9 4 8 18 9 10 ]
Pmin = [ 230 69 134 378 283 378 327 113 347 359 240 293 98 262 167 52 154 377 189 187 ]
Pmax = [ 230 69 134 397 305 420 331 113 355 378 240 318 98 289 167 57 154 385 189 193 ]
cf = [ 24.9349 20.0896 53.0857 8.90971 23.313 42.5575 9.52381 18.0114 33.3101 7.66778 42.4866 58.3623 67.4687 28.4249 25.1827 37.1782 36.4642 48.6154 21.924 54.452 ]
c0 = [ 169 82 118 250 203 250 227 105 238 250 166 203 89 191 143 66 129 250 141 145 ]
cp = [ 34.6297 36.052 33.9045 12.2756 20.6047 12.7272 25.2256 35.4047 13.3315 19.338 24.8599 24.0214 35.3046 18.3882 33.2721 41.8003 29.8528 15.0739 23.0268 26.8735 ]
D = [ 742 848 964 1139 1167 1321 1628 1642 1889 1896 2127 2251 2343 2597 2764 2784 2959 3171 3216 3459 3661 3739 3804 4040 4220 4025 3692 3652 3407 3078 3001 2782 2589 2305 2115 2399 2543 2757 2908 3152 3403 3160 2901 2617 2306 2067 1833 1551 1392 1392 1580 1701 1749 1925 2006 2105 2232 2299 2409 2632 2714 2892 2869 3125 3240 3245 3362 3498 3685 3783 3872 3910 4039 3982 3631 3562 3407 3203 2996 2838 2519 2383 2231 2429 2585 2807 3164 3331 3505 3181 2959 2600 2339 2153 1936 1498 ]
