n = 20 ; 
T = 96 ; 
Init = [ 0 1 1 0 1 0 0 1 1 0 1 0 1 1 0 0 1 1 0 0 ]
L = [ 14 9 9 6 20 20 20 13 13 10 12 12 6 6 4 4 18 12 16 14 ]
l = [ 14 9 9 6 20 20 20 13 13 10 12 12 6 6 4 4 18 12 16 14 ]
Pmin = [ 260 171 171 117 378 378 378 268 268 208 262 262 95 95 53 53 361 236 336 304 ]
Pmax = [ 277 171 171 117 420 420 420 279 279 208 269 269 95 95 53 53 400 247 342 307 ]
cf = [ 32.3648 16.3253 16.3253 66.916 18.5395 64.1741 64.1741 54.3743 54.3743 17.7326 30.2048 30.2048 12.6586 12.6586 16.8886 16.8886 20.7574 63.7056 47.6667 37.4045 ]
c0 = [ 195 134 134 96 250 250 250 189 189 163 199 199 96 96 55 55 250 167 240 223 ]
cp = [ 26.376 17.3172 17.3172 32.1132 8.25235 8.13959 8.13959 22.6861 22.6861 30.9264 25.0006 25.0006 35.2332 35.2332 40.8526 40.8526 21.3773 17.1937 18.0516 26.3243 ]
D = [ 604 690 898 1070 1168 1280 1423 1654 1731 1915 2098 2147 2405 2444 2623 2893 2943 3064 3289 3489 3576 3738 3904 4046 4167 3950 3850 3708 3509 3258 3038 2904 2586 2421 2306 2483 2648 2893 2970 3238 3334 3177 2900 2480 2209 1957 1833 1459 1227 1424 1548 1589 1700 1876 1911 1964 2114 2208 2314 2494 2665 2771 2937 2997 3001 3258 3235 3347 3590 3591 3695 3949 4090 3787 3722 3420 3231 3079 2999 2759 2509 2438 2124 2440 2644 2820 3074 3313 3468 3237 2885 2621 2380 2080 1938 1586 ]
