n = 20 ; 
T = 96 ; 
Init = [ 1 0 1 0 0 1 1 0 0 1 1 1 0 0 0 1 0 0 0 1 ]
L = [ 8 19 11 11 19 19 18 18 20 20 10 10 16 16 15 15 7 15 12 7 ]
l = [ 8 19 11 11 19 19 18 18 20 20 10 10 16 16 15 15 7 15 12 7 ]
Pmin = [ 123 378 189 189 378 378 378 378 378 378 175 179 300 346 319 319 107 270 197 142 ]
Pmax = [ 135 420 198 198 408 408 390 390 420 420 180 188 330 360 325 325 109 290 216 142 ]
cf = [ 59.3487 47.0592 45.6119 45.6119 12.5261 12.5261 51.5105 51.5105 17.0584 17.0584 57.8589 43.2344 69.6618 50.7102 51.7941 51.7941 58.3632 12.2354 69.2576 55.7259 ]
c0 = [ 112 250 140 140 250 250 250 250 250 250 146 133 205 247 214 214 89 203 146 125 ]
cp = [ 30.7828 11.8245 34.7792 34.7792 8.94904 8.94904 13.2887 13.2887 9.69705 9.69705 32.7858 34.0942 13.7922 15.1785 19.9573 19.9573 30.4877 19.1949 31.0524 40.3375 ]
D = [ 729 1055 1088 1279 1530 1667 1742 1951 2083 2261 2387 2617 2719 3012 3116 3370 3449 3576 3888 3947 4027 4285 4455 4679 4725 4627 4327 4284 3887 3797 3696 3334 3186 2951 2830 2922 3030 3409 3543 3616 3788 3607 3252 2869 2596 2179 1882 1523 1189 1390 1680 1788 1890 2120 2248 2242 2570 2754 2800 2875 3138 3321 3331 3583 3726 3854 4106 4170 4261 4448 4558 4768 4978 4668 4576 4140 4115 3798 3621 3233 3183 2926 2713 2883 3193 3445 3674 3944 4227 3957 3539 3106 2866 2525 2190 1726 ]
