n = 20 ; 
T = 96 ; 
Init = [ 1 0 0 1 1 1 1 1 0 0 0 0 0 1 1 0 0 0 0 1 ]
L = [ 15 17 15 16 8 9 19 10 7 19 20 9 20 4 18 13 6 20 17 7 ]
l = [ 15 17 15 16 8 9 19 10 7 19 20 9 20 4 18 13 6 20 17 7 ]
Pmin = [ 290 312 314 310 133 195 369 183 106 378 378 162 378 49 371 260 94 378 359 139 ]
Pmax = [ 321 343 319 325 133 195 407 183 112 417 420 162 420 49 382 277 94 420 374 139 ]
cf = [ 58.6971 69.1508 44.8381 58.8785 26.7617 28.7063 13.5616 44.6776 39.8021 53.4681 39.1434 7.15351 16.1753 59.7283 46.401 61.2169 45.4075 59.4049 35.2116 67.6374 ]
c0 = [ 207 218 218 222 116 155 249 144 92 250 250 126 250 68 250 186 92 250 240 123 ]
cp = [ 24.0468 15.9775 20.1481 18.2008 30.5035 36.0561 13.4833 23.9497 30.5453 9.18859 9.53032 36.42 8.07945 41.822 10.8989 21.8217 34.4149 8.13465 13.0305 34.0155 ]
D = [ 799 916 1082 1258 1397 1726 1895 1865 2116 2330 2400 2657 2822 2992 3030 3239 3363 3502 3739 3801 3896 4182 4395 4536 4541 4494 4214 4024 3736 3512 3473 3155 2891 2658 2561 2687 3032 3150 3292 3528 3703 3444 3061 2728 2483 2184 1902 1421 1151 1409 1432 1524 1710 1751 1966 2137 2346 2451 2566 2547 2763 2806 3136 3070 3259 3424 3538 3787 3887 3985 4105 4224 4359 4209 4020 3760 3555 3508 3292 3087 2963 2842 2596 2688 3042 3244 3373 3602 3776 3390 3173 2729 2456 2234 1794 1579 ]
