n = 20 ; 
T = 96 ; 
Init = [ 1 0 1 1 1 0 0 1 1 1 1 0 1 1 0 1 1 0 1 0 ]
L = [ 8 9 15 20 20 12 12 12 12 16 12 5 4 4 18 18 13 13 18 13 ]
l = [ 8 9 15 20 20 12 12 12 12 16 12 5 4 4 18 18 13 13 18 13 ]
Pmin = [ 137 167 312 378 378 252 252 224 224 317 235 66 62 62 373 373 254 254 353 224 ]
Pmax = [ 150 172 345 420 420 252 252 234 234 338 243 66 64 64 407 407 275 275 389 243 ]
cf = [ 52.4431 57.246 15.1454 57.2267 57.2267 66.237 66.237 48.6438 48.6438 58.6231 41.5363 36.1772 49.1805 49.1805 47.4028 47.4028 19.5159 19.5159 38.0998 51.8398 ]
c0 = [ 119 139 211 250 250 192 192 165 165 229 173 76 60 60 250 250 192 192 245 161 ]
cp = [ 29.9863 37.1486 14.9844 9.12069 9.12069 25.3374 25.3374 24.3542 24.3542 21.6563 30.9501 40.6579 41.4867 41.4867 10.1675 10.1675 16.7984 16.7984 9.16022 27.3666 ]
D = [ 674 824 974 1076 1233 1450 1503 1675 1956 1945 2144 2371 2584 2731 2748 3001 3143 3268 3384 3568 3818 3936 4070 4318 4389 4152 4090 3745 3638 3382 3141 2973 2707 2456 2230 2573 2603 2882 3044 3195 3495 3220 2961 2645 2357 2148 1924 1617 1223 1362 1555 1624 1726 1983 1968 2223 2262 2489 2501 2698 2722 2874 3092 3193 3303 3470 3475 3778 3766 3922 4016 4263 4274 4224 4001 3712 3653 3355 3224 3128 2845 2781 2435 2664 2881 2932 3097 3420 3573 3192 2962 2776 2421 2091 1879 1702 ]
