n = 20 ; 
T = 96 ; 
Init = [ 1 0 1 1 1 0 1 1 1 1 1 0 0 0 1 1 1 0 0 1 ]
L = [ 5 5 5 12 12 17 17 8 13 13 18 18 10 10 10 13 13 10 14 13 ]
l = [ 5 5 5 12 12 17 17 8 13 13 18 18 10 10 10 13 13 10 14 13 ]
Pmin = [ 94 100 100 251 237 359 359 107 255 255 370 370 179 179 162 240 240 210 239 260 ]
Pmax = [ 94 100 100 269 237 360 360 112 269 269 383 383 194 194 165 257 257 210 264 281 ]
cf = [ 48.9677 14.9472 14.9472 64.5909 51.5606 28.7947 28.7947 56.4511 58.9336 58.9336 48.4375 48.4375 18.4284 18.4284 31.4718 44.7853 44.7853 54.4407 20.8573 13.6376 ]
c0 = [ 89 98 98 183 180 248 248 101 187 187 250 250 137 137 127 179 179 153 170 197 ]
cp = [ 37.8924 40.8131 40.8131 20.9075 16.3197 13.2425 13.2425 29.873 17.4682 17.4682 9.30115 9.30115 21.3047 21.3047 31.8315 25.0732 25.0732 25.6068 19.4936 29.2064 ]
D = [ 614 814 908 1086 1213 1352 1448 1655 1757 1816 1961 2139 2380 2495 2591 2693 2845 2968 3151 3283 3471 3514 3681 3893 3948 3833 3582 3368 3224 3166 2935 2780 2608 2331 2214 2380 2627 2817 2875 3084 3368 2982 2781 2542 2132 1887 1610 1387 1101 1172 1322 1393 1563 1673 1776 1888 2118 2066 2181 2308 2489 2594 2792 2813 2976 3033 3161 3386 3515 3503 3590 3747 3906 3763 3651 3398 3297 3068 2933 2726 2626 2524 2271 2350 2541 2749 2823 2952 3167 2829 2558 2252 2077 1714 1486 1183 ]
