n = 20 ; 
T = 96 ; 
Init = [ 0 1 0 0 1 0 1 1 1 1 1 0 0 1 1 0 1 0 1 1 ]
L = [ 18 19 13 11 19 19 12 5 5 6 17 5 15 18 9 9 19 14 10 14 ]
l = [ 18 19 13 11 19 19 12 5 5 6 17 5 15 18 9 9 19 14 10 14 ]
Pmin = [ 338 378 248 248 378 378 253 75 78 106 335 73 271 373 159 159 378 288 220 275 ]
Pmax = [ 364 414 255 248 420 416 258 83 78 106 338 73 292 403 167 173 420 288 220 286 ]
cf = [ 15.1527 68.9372 28.0787 30.153 22.9458 43.6875 35.9945 65.9569 40.8305 33.0028 33.9819 10.371 33.2071 33.2593 44.1674 28.5048 57.9168 44.9895 52.9065 51.8381 ]
c0 = [ 237 250 193 183 250 250 174 73 86 101 225 68 187 250 117 118 250 209 156 188 ]
cp = [ 15.4509 14.6987 14.6678 25.5453 12.8925 9.29161 25.6405 38.9316 29.5556 37.2306 12.7694 39.6772 14.0187 10.9576 31.1586 33.5588 9.16706 19.8712 37.9435 23.1053 ]
D = [ 775 866 923 1165 1351 1397 1656 1813 1927 1997 2328 2311 2552 2780 2881 3098 3134 3356 3449 3680 3741 3980 4108 4324 4392 4173 3986 3784 3586 3524 3287 3010 2884 2745 2555 2631 2943 3028 3302 3378 3573 3377 3026 2858 2540 2135 2029 1592 1377 1607 1647 1828 1865 2087 2259 2422 2399 2679 2709 2931 3014 3138 3299 3484 3509 3764 3771 3873 4049 4160 4411 4454 4537 4459 4077 3904 3738 3392 3212 3124 2875 2601 2367 2693 2787 3067 3424 3557 3788 3476 3328 2943 2622 2306 1973 1739 ]
