n = 20 ; 
T = 96 ; 
Init = [ 0 1 0 1 1 1 0 1 0 0 0 0 1 0 1 1 0 1 0 1 ]
L = [ 5 6 13 15 5 14 19 20 10 15 7 12 11 4 17 18 18 19 16 6 ]
l = [ 5 6 13 15 5 14 19 20 10 15 7 12 11 4 17 18 18 19 16 6 ]
Pmin = [ 84 102 230 316 96 299 372 378 179 326 107 231 180 81 359 372 375 369 337 86 ]
Pmax = [ 84 102 256 331 96 307 391 420 198 329 107 238 199 81 387 380 380 391 351 86 ]
cf = [ 46.0668 49.6125 17.8501 47.9129 44.5598 36.7494 38.1432 38.1406 66.3542 11.7992 13.2415 30.1362 64.7258 17.4502 7.88082 35.7111 69.8161 13.4747 36.3756 67.3364 ]
c0 = [ 80 100 161 227 89 220 248 250 149 239 86 176 141 70 243 250 250 250 227 87 ]
cp = [ 40.1989 33.9001 15.2888 20.6803 41.6207 20.5076 9.62221 8.65835 28.6129 16.1468 35.4082 22.6643 28.612 39.696 11.6468 16.4952 13.8069 14.5715 15.1711 40.4838 ]
D = [ 560 556 765 997 1045 1185 1398 1645 1690 1993 2042 2252 2371 2608 2714 2858 3099 3256 3315 3415 3731 3874 3888 4036 4246 4004 3817 3771 3552 3355 3120 2956 2785 2601 2324 2625 2817 2988 3190 3270 3586 3189 3017 2615 2485 2074 1847 1612 1188 1333 1454 1563 1713 1791 1874 2018 2240 2351 2515 2558 2583 2846 2879 3062 3137 3235 3346 3501 3717 3715 3842 3936 4185 3872 3725 3444 3317 3206 3062 2789 2515 2373 2279 2476 2734 3044 3266 3440 3743 3410 3095 2705 2328 1928 1602 1370 ]
