n = 20 ; 
T = 96 ; 
Init = [ 1 0 1 0 0 0 1 0 0 0 1 1 0 0 0 0 1 0 1 0 ]
L = [ 11 11 11 14 14 8 8 5 19 19 20 20 16 16 18 4 4 4 18 18 ]
l = [ 11 11 11 14 14 8 8 5 19 19 20 20 16 16 18 4 4 4 18 18 ]
Pmin = [ 220 213 213 263 263 156 156 84 370 370 378 378 309 309 358 42 42 65 365 365 ]
Pmax = [ 220 213 213 273 273 156 156 84 404 404 420 420 342 342 382 42 42 65 395 395 ]
cf = [ 15.5043 23.2833 23.2833 52.5906 52.5906 47.5892 47.5892 28.7602 65.5577 65.5577 60.4977 60.4977 61.048 61.048 44.7753 50.413 50.413 44.0304 45.6493 45.6493 ]
c0 = [ 154 152 152 181 181 126 126 82 247 247 250 250 227 227 245 48 48 67 242 242 ]
cp = [ 25.2155 26.4276 26.4276 29.1041 29.1041 27.7326 27.7326 34.3943 11.3621 11.3621 8.06581 8.06581 11.4784 11.4784 13.0676 40.5247 40.5247 41.8459 10.6456 10.6456 ]
D = [ 644 801 936 1098 1312 1474 1571 1617 1868 1951 2131 2302 2369 2552 2673 2950 3113 3239 3361 3490 3713 3681 3879 3997 4165 4004 3851 3735 3474 3363 3086 3034 2738 2641 2409 2550 2836 2924 3154 3349 3563 3309 3008 2623 2209 1880 1623 1223 1059 1221 1246 1364 1553 1641 1870 1934 2118 2282 2422 2689 2799 2889 3056 3255 3383 3553 3581 3779 3973 4134 4242 4431 4467 4324 4118 3826 3587 3427 3187 2901 2755 2587 2272 2579 2762 2940 2972 3192 3387 3144 2829 2527 2418 2124 1874 1553 ]
