n = 20 ; 
T = 96 ; 
Init = [ 0 0 0 1 1 0 1 0 0 1 0 0 0 0 0 0 1 1 0 0 ]
L = [ 10 15 15 8 8 4 15 15 7 7 17 17 18 18 9 9 12 8 19 19 ]
l = [ 10 15 15 8 8 4 15 15 7 7 17 17 18 18 9 9 12 8 19 19 ]
Pmin = [ 198 314 314 137 161 74 327 327 102 102 338 338 372 372 171 171 251 143 378 378 ]
Pmax = [ 198 318 318 142 161 74 337 337 111 111 354 354 407 407 171 171 263 155 399 399 ]
cf = [ 60.672 68.8408 68.8408 44.1276 60.3259 8.03787 25.1171 25.1171 46.047 46.047 8.24588 8.24588 30.6971 30.6971 38.8251 38.8251 56.1738 51.7141 22.6074 22.6074 ]
c0 = [ 148 227 227 114 133 81 236 236 87 87 233 233 250 250 138 138 182 113 250 250 ]
cp = [ 26.0271 19.3575 19.3575 40.1451 24.6209 37.3566 19.7802 19.7802 30.6859 30.6859 16.0288 16.0288 13.6735 13.6735 30.0951 30.0951 36.0084 22.392 8.81331 8.81331 ]
D = [ 588 854 1008 1092 1250 1385 1536 1718 1970 1979 2194 2306 2570 2670 2850 2947 3100 3267 3467 3630 3820 3945 4116 4234 4485 4202 4065 3858 3644 3431 3170 3108 2812 2738 2411 2684 2774 3009 3116 3300 3578 3242 2880 2573 2371 2032 1664 1267 968 1088 1283 1468 1647 1638 1804 1964 2080 2378 2438 2483 2649 2799 2942 3161 3235 3380 3503 3751 3850 3984 4157 4234 4318 4246 3953 3672 3527 3253 3124 2920 2625 2550 2198 2381 2787 2901 3102 3292 3563 3357 2934 2713 2516 2095 1760 1497 ]
