n = 20 ; 
T = 96 ; 
Init = [ 1 1 0 1 0 0 1 1 1 0 1 1 0 0 0 0 1 1 0 0 ]
L = [ 11 16 5 9 16 6 5 13 5 6 18 12 11 20 14 7 9 17 6 18 ]
l = [ 11 16 5 9 16 6 5 13 5 6 18 12 11 20 14 7 9 17 6 18 ]
Pmin = [ 230 346 74 176 339 74 74 231 76 96 377 229 211 378 269 81 148 327 92 377 ]
Pmax = [ 241 364 74 182 353 80 74 248 80 96 381 229 221 420 271 87 148 353 96 410 ]
cf = [ 35.6481 32.363 48.3658 57.1304 41.9792 28.722 62.0234 13.7455 45.2723 8.50237 26.3017 29.8233 23.9601 44.6659 43.5428 26.7409 9.45777 63.2048 34.1361 45.065 ]
c0 = [ 176 236 71 132 227 74 71 162 78 81 250 180 163 250 189 74 122 239 86 250 ]
cp = [ 24.8545 12.0567 34.2178 25.7855 19.434 36.2912 40.9341 29.6168 38.4466 38.5138 17.2454 29.9512 25.522 8.83324 21.6208 38.6572 32.2126 13.3121 39.8288 11.7697 ]
D = [ 472 633 660 867 955 1176 1187 1427 1529 1562 1763 1991 2108 2187 2335 2519 2643 2800 2810 2986 3141 3267 3399 3530 3743 3433 3326 3100 2997 2759 2696 2445 2233 2062 1882 2149 2270 2492 2702 2949 3069 2892 2620 2270 2037 1778 1476 1231 952 1101 1274 1304 1521 1643 1743 1736 1970 1994 2109 2345 2364 2553 2559 2767 2814 2875 3011 3141 3348 3394 3550 3597 3760 3636 3410 3270 3040 2855 2697 2518 2369 2109 2006 2173 2295 2551 2757 2838 3164 2921 2675 2297 2129 1774 1650 1255 ]
