n = 20 ; 
T = 96 ; 
Init = [ 1 1 0 0 0 0 0 1 0 1 1 0 1 0 1 1 0 0 0 0 ]
L = [ 13 19 19 13 8 12 12 15 7 13 8 5 10 17 16 9 17 16 9 7 ]
l = [ 13 19 19 13 8 12 12 15 7 13 8 5 10 17 16 9 17 16 9 7 ]
Pmin = [ 231 378 378 263 172 214 220 314 104 253 130 59 206 368 359 142 357 326 165 117 ]
Pmax = [ 246 420 418 263 172 232 220 318 106 261 144 59 218 388 361 150 365 326 165 125 ]
cf = [ 55.2692 17.9828 47.1023 8.53627 49.9727 43.2111 20.5466 36.1794 39.6836 64.8108 43.5856 9.35748 16.4619 66.5257 39.5859 28.4986 16.8812 25.9282 20.4132 46.9219 ]
c0 = [ 171 250 250 190 129 155 171 230 93 180 116 71 153 250 250 114 238 224 123 97 ]
cp = [ 21.1589 15.0723 14.1932 35.6894 37.8036 25.0196 28.0428 16.0752 38.2973 29.5483 31.0032 36.7971 26.6836 16.7676 25.3222 33.7843 19.118 27.1903 34.3736 35.4876 ]
D = [ 794 841 1103 1106 1317 1421 1693 1797 1985 2146 2187 2355 2451 2719 2897 2884 3091 3171 3359 3529 3713 3869 4005 4215 4356 4021 3856 3711 3439 3203 3050 2777 2620 2399 2162 2344 2536 2882 3200 3431 3606 3257 2949 2694 2282 2002 1766 1412 1075 1272 1342 1508 1573 1716 1825 2052 2076 2310 2415 2615 2647 2873 3022 3155 3274 3411 3477 3563 3707 3832 4003 4183 4388 4171 3786 3578 3523 3321 3058 2789 2649 2321 2083 2310 2609 2781 3101 3289 3561 3181 2947 2627 2338 2118 1978 1674 ]
