n = 20 ; 
T = 96 ; 
Init = [ 1 0 1 1 1 1 0 0 0 1 1 0 1 1 1 0 1 0 1 1 ]
L = [ 10 17 5 13 11 17 19 19 5 7 14 19 10 14 15 17 12 14 9 9 ]
l = [ 10 17 5 13 11 17 19 19 5 7 14 19 10 14 15 17 12 14 9 9 ]
Pmin = [ 176 345 60 269 202 378 378 372 66 146 293 378 180 272 296 350 207 296 162 140 ]
Pmax = [ 176 347 65 269 216 389 408 403 66 146 304 402 200 294 311 359 223 305 162 144 ]
cf = [ 16.7605 21.6529 32.0593 17.4352 33.9092 60.2191 64.3745 45.8243 35.5606 50.0534 63.4253 53.3122 24.7555 41.5477 55.7889 35.1092 54.6879 64.8895 59.2104 58.5102 ]
c0 = [ 133 243 70 184 146 250 250 250 61 115 211 250 134 199 209 243 158 207 133 114 ]
cp = [ 27.9391 20.6102 39.7471 32.4185 33.138 11.1219 8.67111 9.33183 41.4793 35.7452 28.7655 12.403 24.2169 29.142 11.58 15.5502 22.9971 23.938 39.6037 31.229 ]
D = [ 639 814 921 966 1216 1272 1458 1721 1810 1951 2073 2241 2395 2653 2789 2987 3094 3200 3311 3469 3618 3858 3884 4064 4286 4157 3880 3798 3465 3394 3051 2849 2800 2602 2291 2505 2761 2842 2975 3165 3425 3076 2829 2637 2201 1937 1789 1497 1088 1204 1380 1431 1652 1745 1845 1994 2126 2215 2314 2438 2598 2742 2762 3025 3133 3173 3335 3377 3643 3703 3781 3875 4069 3838 3793 3587 3350 3272 3051 2871 2594 2427 2367 2612 2840 2990 3261 3498 3805 3461 3108 2860 2347 2082 1782 1446 ]
