n = 20 ; 
T = 96 ; 
Init = [ 1 0 0 0 1 0 1 1 0 1 0 0 0 1 0 0 0 1 1 0 ]
L = [ 19 14 10 16 20 19 13 5 20 11 9 8 6 11 16 14 20 12 6 10 ]
l = [ 19 14 10 16 20 19 13 5 20 11 9 8 6 11 16 14 20 12 6 10 ]
Pmin = [ 378 267 157 312 378 377 268 97 378 221 170 153 82 198 309 286 378 246 98 182 ]
Pmax = [ 420 275 174 332 420 408 268 97 420 236 175 153 82 201 341 286 420 251 98 194 ]
cf = [ 26.1069 26.434 52.1224 66.8563 55.2699 56.3157 63.4696 40.0015 27.7481 38.9329 51.8549 54.4372 68.7044 37.5146 30.0844 47.6163 8.55612 30.1834 66.7601 23.8965 ]
c0 = [ 250 193 132 223 250 250 183 85 250 157 143 130 84 160 212 195 250 171 100 131 ]
cp = [ 14.2982 26.3553 29.0411 20.0813 8.88835 9.64178 27.1652 41.4131 10.9841 28.9138 27.1679 35.3572 31.2843 27.2811 18.7978 15.7573 9.55322 16.2844 32.7526 21.7739 ]
D = [ 689 834 1117 1137 1261 1371 1630 1755 1943 2054 2144 2335 2468 2679 2833 3000 3057 3219 3430 3392 3724 3795 3830 4036 4219 4003 3944 3685 3510 3285 3135 3051 2826 2622 2606 2737 2872 3153 3265 3637 3690 3390 3064 2748 2321 2005 1711 1390 1055 1110 1340 1366 1532 1671 1884 1994 2152 2258 2505 2628 2693 2865 3110 3250 3327 3544 3724 3846 3888 4097 4329 4400 4659 4359 4115 3935 3670 3465 3329 2989 2884 2636 2366 2663 2790 2969 3034 3365 3501 3227 2899 2707 2456 2031 1831 1509 ]
