n = 10 ; 
T = 96 ; 
Init = [ 1 0 0 1 0 0 0 0 0 1 ]
L = [ 6 13 10 11 18 19 4 18 5 14 ]
l = [ 6 13 10 11 18 19 4 18 5 14 ]
Pmin = [ 93 215 127 161 315 315 36 311 73 236 ]
Pmax = [ 117 255 169 194 418 420 36 381 73 299 ]
cf = [ 20.748 30.0048 9.72814 25.6951 37.6017 65.4752 46.8408 38.4252 66.41 30.9946 ]
c0 = [ 96 179 133 147 250 250 54 250 81 206 ]
cp = [ 40.295 31.1595 36.8947 27.0184 11.435 8.38457 38.385 17.1661 40.8669 30.7616 ]
D = [ 232 336 355 480 500 568 617 689 745 833 904 953 969 1024 1090 1203 1224 1301 1389 1430 1521 1566 1584 1665 1744 1655 1595 1512 1426 1308 1240 1186 1111 1001 933 989 1137 1230 1298 1363 1483 1336 1243 1093 940 851 675 561 405 490 529 608 636 672 747 814 863 886 960 979 1092 1130 1205 1240 1254 1302 1364 1442 1529 1574 1631 1684 1686 1630 1533 1465 1408 1322 1221 1199 1067 1029 955 1051 1095 1219 1329 1446 1539 1354 1276 1111 988 854 672 587 ]
