n = 10 ; 
T = 96 ; 
Init = [ 0 1 0 1 0 0 1 1 1 0 ]
L = [ 14 16 19 12 16 16 11 18 19 4 ]
l = [ 14 16 19 12 16 16 11 18 19 4 ]
Pmin = [ 248 265 315 212 247 254 170 304 312 55 ]
Pmax = [ 294 339 416 252 316 327 214 375 407 61 ]
cf = [ 7.49778 8.28847 59.9395 26.2267 62.1044 65.0711 51.5893 42.2423 27.5517 12.0509 ]
c0 = [ 210 224 250 178 203 211 165 250 250 70 ]
cp = [ 19.9929 19.534 9.06059 31.8674 17.5309 25.7011 26.0428 15.8694 9.37443 40.5284 ]
D = [ 385 408 507 620 691 797 923 997 1078 1096 1168 1261 1349 1501 1592 1658 1760 1853 1900 1947 2099 2151 2279 2312 2443 2343 2202 2114 1932 1837 1759 1558 1502 1333 1262 1341 1548 1666 1837 1935 2089 1930 1721 1562 1365 1161 982 801 600 668 817 807 955 1030 1060 1127 1242 1291 1421 1484 1578 1652 1684 1761 1870 1864 1959 2088 2155 2167 2278 2320 2435 2361 2201 2093 1978 1865 1786 1673 1553 1444 1349 1394 1478 1635 1672 1796 1823 1677 1552 1360 1214 1045 959 743 ]
