n = 10 ; 
T = 96 ; 
Init = [ 1 0 0 0 1 1 0 1 0 1 ]
L = [ 13 10 11 19 5 19 17 8 9 13 ]
l = [ 13 10 11 19 5 19 17 8 9 13 ]
Pmin = [ 233 163 158 305 63 315 288 146 159 188 ]
Pmax = [ 277 183 208 400 77 417 366 155 184 244 ]
cf = [ 65.7382 18.4167 61.0711 35.5008 21.1874 59.8547 56.5867 51.8322 35.731 56.4614 ]
c0 = [ 200 147 150 250 72 250 247 137 149 173 ]
cp = [ 25.2821 23.8924 27.5666 9.91714 38.1369 8.96326 21.2052 34.8078 37.4899 22.2652 ]
D = [ 388 398 529 585 655 656 738 804 913 915 1028 1072 1179 1185 1321 1357 1377 1451 1543 1613 1668 1727 1794 1842 1964 1815 1784 1629 1592 1489 1393 1301 1226 1111 1009 1121 1209 1307 1418 1465 1583 1439 1330 1186 1066 944 769 688 540 574 653 700 795 811 830 914 926 1029 1047 1120 1213 1252 1238 1338 1397 1422 1465 1508 1551 1660 1711 1758 1819 1705 1637 1549 1485 1417 1385 1288 1203 1114 1011 1141 1272 1308 1387 1561 1648 1448 1316 1200 987 872 720 598 ]
