n = 10 ; 
T = 96 ; 
Init = [ 0 1 1 1 1 1 0 1 1 0 ]
L = [ 4 4 8 20 7 8 8 19 8 16 ]
l = [ 4 4 8 20 7 8 8 19 8 16 ]
Pmin = [ 46 29 136 315 99 141 116 315 116 254 ]
Pmax = [ 46 35 144 418 124 156 143 420 128 321 ]
cf = [ 63.272 39.3727 50.0664 40.2714 48.9635 43.2138 17.2759 7.58643 18.216 31.6469 ]
c0 = [ 66 59 132 250 93 129 118 250 106 214 ]
cp = [ 41.5854 41.797 32.8283 9.93787 33.6619 34.7478 33.063 11.9369 33.127 20.5173 ]
D = [ 163 219 290 315 360 415 451 511 552 656 676 731 792 831 895 977 984 1086 1117 1175 1225 1250 1344 1385 1421 1348 1308 1204 1181 1107 1049 963 892 852 800 851 884 945 1064 1085 1137 1058 977 872 778 648 572 493 368 413 470 512 521 601 624 686 713 777 832 825 902 943 963 1036 1069 1106 1164 1217 1211 1263 1322 1346 1420 1326 1258 1220 1153 1038 973 910 858 808 745 791 848 898 963 1066 1076 999 898 849 770 647 567 478 ]
