n = 10 ; 
T = 96 ; 
Init = [ 0 1 0 1 0 0 1 1 1 0 ]
L = [ 19 5 19 14 8 5 17 13 11 8 ]
l = [ 19 5 19 14 8 5 17 13 11 8 ]
Pmin = [ 315 53 315 225 96 72 272 222 173 122 ]
Pmax = [ 420 53 415 286 120 83 356 292 218 158 ]
cf = [ 62.3315 23.3851 7.38766 25.6001 47.6966 16.661 13.7513 57.8926 12.419 47.0803 ]
c0 = [ 250 79 250 192 111 73 220 201 156 128 ]
cp = [ 9.93406 38.9514 11.0697 23.6095 32.3157 39.0624 19.1296 20.2681 23.9319 35.2545 ]
D = [ 334 418 427 517 616 610 671 789 811 874 963 988 1053 1127 1202 1220 1292 1317 1395 1490 1543 1581 1593 1702 1762 1685 1590 1497 1467 1388 1258 1187 1134 1033 993 1072 1156 1287 1347 1474 1532 1386 1244 1151 1022 817 684 569 430 434 501 573 638 686 724 786 859 900 985 1032 1109 1099 1215 1250 1285 1356 1434 1465 1537 1585 1629 1716 1774 1638 1581 1541 1468 1390 1279 1225 1175 1076 1038 1065 1186 1276 1310 1369 1445 1314 1249 1152 955 873 755 617 ]
