n = 10 ; 
T = 96 ; 
Init = [ 1 0 0 0 0 0 1 1 1 0 ]
L = [ 16 18 17 19 8 5 5 20 11 19 ]
l = [ 16 18 17 19 8 5 5 20 11 19 ]
Pmin = [ 261 287 288 315 126 69 56 315 189 315 ]
Pmax = [ 344 372 361 420 142 69 66 420 245 420 ]
cf = [ 57.4549 16.066 41.6715 8.77321 49.3192 23.5316 23.5173 22.4869 27.0438 21.8923 ]
c0 = [ 216 247 241 250 131 72 67 250 176 250 ]
cp = [ 20.6995 10.1918 23.3188 8.22528 28.1386 38.0035 41.3116 8.18982 22.9731 9.73169 ]
D = [ 443 524 663 735 759 855 875 955 1021 1137 1158 1248 1384 1375 1447 1527 1669 1676 1796 1887 1957 1940 2030 2099 2186 2098 1968 1931 1849 1722 1606 1469 1448 1302 1165 1306 1396 1516 1665 1749 1913 1741 1573 1432 1277 1109 977 794 653 645 717 812 871 1005 1020 1148 1168 1242 1351 1422 1457 1498 1644 1687 1766 1787 1881 1947 2056 2071 2142 2241 2283 2155 2102 1947 1912 1783 1712 1593 1483 1316 1222 1409 1518 1580 1727 1785 1947 1774 1570 1434 1329 1103 940 842 ]
