n = 10 ; 
T = 96 ; 
Init = [ 1 0 1 0 1 1 0 0 0 1 ]
L = [ 9 7 7 14 18 11 6 17 7 14 ]
l = [ 9 7 7 14 18 11 6 17 7 14 ]
Pmin = [ 164 120 125 229 285 165 65 315 113 247 ]
Pmax = [ 190 136 133 270 378 199 70 391 136 304 ]
cf = [ 8.83717 36.1036 65.8884 64.5067 38.6617 24.2222 8.42913 50.9189 18.4131 54.2611 ]
c0 = [ 149 107 119 194 233 151 83 250 113 220 ]
cp = [ 32.4708 26.0418 30.9022 23.0867 9.76853 26.2254 37.7561 10.2087 37.5508 26.0963 ]
D = [ 289 316 386 443 510 598 641 677 719 831 861 923 977 1018 1053 1140 1187 1253 1302 1348 1384 1489 1516 1601 1596 1541 1494 1458 1365 1325 1239 1191 1123 1051 933 1020 1126 1213 1280 1372 1443 1285 1183 1053 952 829 658 549 419 492 550 592 612 702 718 766 838 874 922 989 1048 1107 1130 1199 1248 1286 1348 1435 1494 1549 1586 1644 1651 1576 1519 1490 1420 1280 1245 1151 1105 1003 971 1042 1126 1135 1275 1305 1371 1251 1185 1073 959 864 769 652 ]
