n = 10 ; 
T = 96 ; 
Init = [ 1 1 0 0 1 1 1 0 0 0 ]
L = [ 16 9 16 12 6 13 9 18 13 15 ]
l = [ 16 9 16 12 6 13 9 18 13 15 ]
Pmin = [ 289 111 277 204 74 213 139 289 192 224 ]
Pmax = [ 366 148 332 259 97 272 183 374 254 296 ]
cf = [ 29.5352 13.4051 56.5726 34.0201 58.2406 54.8174 9.22189 42.6567 8.11638 32.4372 ]
c0 = [ 238 101 225 173 91 190 137 242 164 193 ]
cp = [ 19.095 34.3121 16.3859 24.9126 41.4741 24.632 31.0557 10.5525 18.9704 22.0354 ]
D = [ 360 469 533 588 680 745 736 886 874 961 1075 1139 1143 1237 1362 1388 1474 1488 1575 1629 1765 1847 1837 1932 1965 1919 1789 1735 1682 1570 1443 1360 1288 1157 1061 1206 1265 1374 1512 1579 1706 1550 1450 1262 1131 1000 857 655 524 556 619 755 748 849 934 994 1059 1064 1143 1255 1255 1376 1357 1450 1518 1551 1669 1729 1810 1800 1877 1975 2059 1924 1825 1685 1658 1503 1399 1314 1217 1115 1015 1121 1240 1347 1362 1484 1533 1436 1303 1161 1035 909 799 678 ]
