n = 10 ; 
T = 96 ; 
Init = [ 0 0 0 1 0 0 1 1 1 0 ]
L = [ 20 16 20 5 10 18 18 9 17 13 ]
l = [ 20 16 20 5 10 18 18 9 17 13 ]
Pmin = [ 315 274 315 85 181 315 307 132 303 224 ]
Pmax = [ 420 334 420 85 207 392 383 163 372 265 ]
cf = [ 29.53 21.9824 62.5736 64.1165 60.7161 60.1753 28.4044 10.7181 8.96906 65.8214 ]
c0 = [ 250 239 250 88 160 250 250 137 250 202 ]
cp = [ 8.01599 26.3757 8.48776 39.7654 19.0307 14.9503 9.7589 22.44 11.851 21.5799 ]
D = [ 380 431 548 658 651 774 885 986 1021 1054 1163 1306 1387 1402 1546 1612 1682 1709 1841 1914 1935 2067 2192 2183 2312 2254 2124 2034 1946 1879 1755 1624 1529 1441 1339 1470 1634 1772 1819 1938 2133 1918 1702 1608 1432 1175 1065 879 759 748 818 940 996 1068 1089 1172 1212 1299 1378 1423 1500 1593 1579 1677 1804 1791 1862 1947 1996 2041 2124 2194 2301 2205 2077 2028 1911 1796 1703 1609 1522 1329 1292 1424 1570 1610 1759 1880 2047 1895 1681 1442 1317 1129 922 754 ]
