n = 10 ; 
T = 96 ; 
Init = [ 0 1 1 0 1 1 0 0 0 1 ]
L = [ 8 15 14 5 19 8 14 16 20 19 ]
l = [ 8 15 14 5 19 8 14 16 20 19 ]
Pmin = [ 118 259 230 52 315 117 207 291 315 315 ]
Pmax = [ 129 318 276 52 420 140 268 351 420 416 ]
cf = [ 7.57572 22.6899 19.2613 9.392 40.7504 59.881 50.217 51.1363 39.9218 31.6783 ]
c0 = [ 127 228 193 69 250 116 177 245 250 250 ]
cp = [ 32.6491 18.1077 19.6649 40.3424 11.9199 29.2895 16.6395 16.091 8.1724 8.36426 ]
D = [ 223 324 466 554 594 695 796 828 962 999 1106 1161 1271 1310 1393 1459 1556 1662 1722 1805 1863 1952 2020 2174 2246 2113 2051 1947 1798 1717 1599 1483 1328 1269 1160 1279 1366 1498 1568 1707 1794 1702 1534 1367 1138 972 789 671 455 593 618 692 781 809 841 957 974 1093 1161 1226 1250 1323 1361 1403 1527 1591 1605 1710 1773 1789 1926 1991 1991 1934 1876 1786 1685 1628 1508 1444 1367 1302 1153 1293 1384 1490 1588 1726 1793 1618 1481 1325 1159 996 819 618 ]
