n = 10 ; 
T = 96 ; 
Init = [ 1 0 0 0 0 1 1 0 0 0 ]
L = [ 19 12 18 12 17 14 19 19 16 6 ]
l = [ 19 12 18 12 17 14 19 19 16 6 ]
Pmin = [ 315 216 299 195 297 240 315 315 276 110 ]
Pmax = [ 420 259 379 230 369 293 399 420 349 111 ]
cf = [ 16.3077 13.1766 46.3428 36.7644 37.5978 29.2194 69.9902 63.026 57.7362 44.9089 ]
c0 = [ 250 180 243 177 247 202 250 250 224 119 ]
cp = [ 8.75354 28.5956 18.8289 26.3515 20.3679 18.8862 9.63767 10.0993 20.7639 35.7092 ]
D = [ 441 627 657 720 813 891 1020 1071 1161 1227 1257 1440 1460 1575 1587 1691 1837 1843 2007 2023 2143 2179 2268 2376 2403 2400 2232 2198 2026 1961 1854 1729 1656 1611 1466 1616 1667 1781 1900 2072 2170 1940 1804 1543 1346 1253 1013 881 645 692 811 869 961 1033 1131 1257 1322 1395 1434 1554 1581 1659 1717 1858 1943 2061 2075 2115 2282 2333 2361 2507 2616 2497 2348 2172 2040 1945 1863 1727 1600 1444 1399 1526 1605 1708 1882 1946 2043 1868 1776 1511 1334 1108 1018 733 ]
