n = 10 ; 
T = 96 ; 
Init = [ 1 1 0 0 0 0 0 0 0 0 ]
L = [ 20 20 16 9 19 10 11 9 14 19 ]
l = [ 20 20 16 9 19 10 11 9 14 19 ]
Pmin = [ 315 315 301 140 315 172 174 135 235 315 ]
Pmax = [ 420 413 370 159 420 202 196 160 297 415 ]
cf = [ 25.3632 51.4956 24.199 24.1429 16.983 8.24152 11.5837 19.4431 43.0736 11.0411 ]
c0 = [ 250 250 241 140 250 160 164 118 195 250 ]
cp = [ 8.22433 13.6691 17.1398 30.644 8.9419 20.3524 25.3648 35.6385 12.9143 9.23904 ]
D = [ 331 487 553 622 662 735 872 962 980 1093 1189 1289 1310 1429 1440 1573 1594 1753 1841 1862 2010 2082 2109 2165 2277 2174 2082 1989 1829 1795 1668 1539 1475 1335 1300 1434 1523 1677 1820 1953 2035 1887 1734 1555 1342 1224 993 827 723 758 801 867 913 1070 1078 1192 1219 1305 1352 1447 1494 1540 1695 1762 1817 1864 1878 1958 2024 2137 2176 2297 2352 2233 2115 2062 1996 1869 1757 1691 1531 1500 1430 1454 1612 1689 1863 1980 2075 1834 1690 1475 1318 1154 1043 768 ]
