n = 10 ; 
T = 96 ; 
Init = [ 0 1 1 0 0 0 0 1 0 1 ]
L = [ 10 7 10 7 5 5 15 8 19 20 ]
l = [ 10 7 10 7 5 5 15 8 19 20 ]
Pmin = [ 156 120 143 99 48 73 277 128 315 315 ]
Pmax = [ 193 131 185 120 53 88 343 141 420 419 ]
cf = [ 48.318 9.75849 35.2148 57.1311 47.2303 39.3696 48.0701 46.0894 61.1201 40.2411 ]
c0 = [ 139 125 130 94 71 85 224 114 250 250 ]
cp = [ 30.6684 33.2823 21.6445 37.2398 38.4663 36.8174 21.8604 38.2317 15.5713 8.07522 ]
D = [ 273 358 360 417 456 564 595 670 676 761 816 874 927 980 1004 1059 1116 1166 1249 1262 1369 1376 1465 1503 1526 1466 1383 1320 1262 1212 1136 1009 990 863 806 857 934 1071 1144 1173 1275 1164 1011 925 814 699 615 508 399 411 505 501 571 609 688 714 750 842 858 907 948 1006 1056 1092 1147 1218 1212 1267 1363 1382 1436 1462 1507 1447 1416 1332 1236 1184 1110 1014 993 898 817 899 1008 1038 1166 1196 1337 1185 1104 993 918 772 715 580 ]
