n = 10 ; 
T = 96 ; 
Init = [ 0 0 0 0 0 1 1 1 1 0 ]
L = [ 10 5 5 6 18 8 18 15 9 8 ]
l = [ 10 5 5 6 18 8 18 15 9 8 ]
Pmin = [ 153 62 60 98 315 96 309 256 137 113 ]
Pmax = [ 191 62 60 106 386 109 406 318 159 147 ]
cf = [ 41.3075 14.31 10.757 10.1946 65.4133 31.6543 10.8895 65.0965 9.13263 30.5474 ]
c0 = [ 133 85 66 97 250 105 250 215 138 118 ]
cp = [ 32.6469 40.9673 39.2418 38.2413 11.6849 38.9061 9.41462 14.7783 31.6436 32.2837 ]
D = [ 224 236 279 353 428 439 511 577 600 683 695 736 821 872 943 959 998 1042 1117 1155 1253 1295 1312 1402 1451 1371 1275 1209 1173 1122 1005 966 875 812 733 812 916 1004 1097 1173 1230 1093 1028 866 789 683 548 457 309 381 417 488 531 569 610 669 720 726 763 817 874 911 991 996 1048 1124 1170 1198 1262 1321 1324 1394 1432 1348 1309 1239 1164 1111 1033 996 906 879 805 899 929 975 1082 1116 1183 1108 977 882 737 638 563 423 ]
