n = 10 ; 
T = 96 ; 
Init = [ 1 0 0 1 1 0 0 1 0 0 ]
L = [ 19 13 4 9 20 6 16 18 13 19 ]
l = [ 19 13 4 9 20 6 16 18 13 19 ]
Pmin = [ 310 186 56 130 315 100 250 300 223 311 ]
Pmax = [ 407 244 61 141 420 100 314 379 282 407 ]
cf = [ 56.3434 7.92454 62.6418 54.403 15.4407 26.6503 20.6329 19.7564 43.219 61.7745 ]
c0 = [ 250 171 60 121 250 94 219 243 183 250 ]
cp = [ 10.5157 28.2395 41.5092 23.3216 8.66027 38.6672 24.4585 8.9533 27.847 9.56601 ]
D = [ 289 405 424 567 576 669 786 872 898 1046 1069 1135 1252 1316 1364 1449 1524 1594 1667 1730 1835 1925 1979 2083 2114 2024 2003 1897 1739 1690 1568 1473 1370 1284 1162 1274 1391 1499 1526 1687 1773 1615 1448 1349 1272 1076 987 816 725 765 827 905 925 976 990 1057 1174 1188 1247 1279 1359 1436 1494 1495 1600 1633 1627 1707 1798 1825 1868 1895 1965 1919 1826 1700 1602 1562 1489 1409 1262 1197 1141 1255 1295 1400 1527 1630 1788 1659 1479 1308 1202 1026 895 748 ]
