n = 10 ; 
T = 96 ; 
Init = [ 1 1 1 1 0 1 1 1 1 0 ]
L = [ 7 13 20 18 16 19 8 6 18 13 ]
l = [ 7 13 20 18 16 19 8 6 18 13 ]
Pmin = [ 77 205 315 294 290 315 125 93 311 234 ]
Pmax = [ 99 254 420 377 352 420 143 93 392 279 ]
cf = [ 49.6278 54.1787 8.29936 64.7075 65.2873 57.3707 49.8101 40.5761 14.9422 32.7065 ]
c0 = [ 83 191 250 245 234 250 124 95 250 208 ]
cp = [ 34.4026 17.2478 8.54763 11.7307 11.9257 11.2342 37.0285 39.4497 9.88312 17.5851 ]
D = [ 318 342 412 520 622 623 780 845 916 954 1083 1120 1241 1246 1380 1445 1538 1582 1674 1756 1801 1881 1951 1982 2119 2047 1891 1858 1756 1631 1537 1451 1371 1272 1123 1274 1402 1539 1582 1706 1807 1651 1580 1378 1249 1140 1023 815 704 792 866 887 912 1047 1060 1150 1189 1307 1314 1444 1506 1553 1604 1692 1769 1833 1814 1876 2010 2027 2102 2172 2213 2154 2061 1979 1860 1739 1606 1518 1420 1297 1263 1311 1444 1449 1620 1631 1786 1563 1399 1312 1168 991 831 699 ]
