n = 10 ; 
T = 96 ; 
Init = [ 0 1 1 1 1 1 0 1 1 0 ]
L = [ 6 4 17 8 8 12 12 15 12 20 ]
l = [ 6 4 17 8 8 12 12 15 12 20 ]
Pmin = [ 93 40 275 125 123 198 172 252 171 315 ]
Pmax = [ 93 44 358 142 151 236 229 331 227 420 ]
cf = [ 63.7561 65.6644 25.0073 40.8611 24.6623 8.50078 10.4454 42.7864 69.4723 27.1457 ]
c0 = [ 91 64 222 125 119 173 157 204 156 250 ]
cp = [ 37.3923 41.6982 12.3479 30.7937 38.0563 25.1472 24.3153 23.8576 29.8155 9.93826 ]
D = [ 373 419 449 463 574 626 629 705 784 830 816 891 947 969 1079 1085 1186 1226 1258 1304 1326 1411 1460 1519 1562 1523 1440 1372 1309 1266 1227 1117 1070 1010 936 1006 1078 1158 1253 1281 1357 1279 1152 1053 945 805 661 604 491 480 577 623 664 681 724 782 821 889 961 1001 1056 1056 1100 1166 1266 1269 1343 1405 1392 1478 1545 1576 1631 1563 1511 1397 1307 1261 1203 1161 1056 975 932 952 1045 1130 1161 1245 1277 1158 1062 1000 834 733 617 503 ]
