n = 10 ; 
T = 96 ; 
Init = [ 0 0 1 1 1 1 0 1 1 1 ]
L = [ 13 8 19 8 20 6 15 11 18 15 ]
l = [ 13 8 19 8 20 6 15 11 18 15 ]
Pmin = [ 208 113 315 118 315 87 256 151 315 241 ]
Pmax = [ 270 145 413 131 420 99 310 192 399 306 ]
cf = [ 16.8107 8.24071 52.927 58.9261 24.9039 36.2408 22.8709 59.8602 39.2822 55.8545 ]
c0 = [ 183 103 250 124 250 83 218 131 250 215 ]
cp = [ 27.2407 32.9287 16.3429 31.6699 8.8735 30.7 28.4142 21.0444 8.15304 26.143 ]
D = [ 261 389 385 502 586 641 682 811 862 978 1037 1086 1156 1262 1266 1364 1497 1489 1560 1702 1735 1822 1854 1941 1999 1983 1858 1795 1711 1639 1468 1386 1368 1210 1172 1245 1331 1431 1470 1534 1677 1493 1415 1256 1195 1048 913 821 687 700 738 834 900 965 974 1056 1129 1144 1206 1210 1275 1327 1424 1506 1514 1592 1642 1681 1715 1822 1834 1935 1941 1851 1804 1753 1674 1573 1432 1412 1270 1205 1136 1256 1269 1405 1463 1495 1593 1456 1326 1232 1094 1007 851 757 ]
