n = 10 ; 
T = 96 ; 
Init = [ 0 0 1 0 1 1 0 0 1 1 ]
L = [ 11 15 15 16 10 10 11 20 7 18 ]
l = [ 11 15 15 16 10 10 11 20 7 18 ]
Pmin = [ 166 235 241 264 164 148 169 315 116 307 ]
Pmax = [ 221 301 311 334 189 184 214 420 117 381 ]
cf = [ 66.3175 41.1776 37.6368 9.71 61.633 17.2902 20.9944 19.6283 28.9477 69.6018 ]
c0 = [ 148 199 210 219 150 140 151 250 108 250 ]
cp = [ 29.4635 13.4661 25.168 12.7526 31.4899 35.0023 27.3601 9.07204 35.0769 9.02244 ]
D = [ 322 404 466 553 617 747 802 864 936 1046 1127 1202 1208 1298 1347 1468 1511 1614 1640 1733 1820 1873 1971 2056 2122 2016 1893 1765 1745 1580 1537 1364 1297 1244 1085 1217 1338 1459 1580 1610 1769 1638 1408 1328 1124 961 840 696 547 568 680 702 790 875 886 999 1050 1078 1133 1231 1289 1369 1390 1462 1556 1589 1621 1738 1785 1801 1868 1997 2045 1973 1882 1767 1725 1580 1520 1444 1347 1247 1129 1219 1301 1383 1432 1502 1639 1465 1354 1181 1024 872 797 581 ]
