n = 10 ; 
T = 96 ; 
Init = [ 0 1 1 1 0 1 1 0 1 1 ]
L = [ 14 14 5 18 5 7 6 15 6 14 ]
l = [ 14 14 5 18 5 7 6 15 6 14 ]
Pmin = [ 239 228 58 315 92 75 75 233 103 238 ]
Pmax = [ 280 279 58 398 92 93 97 306 105 298 ]
cf = [ 69.2992 46.6034 20.7524 20.2173 18.2359 9.57342 22.6804 58.6497 17.4394 64.8787 ]
c0 = [ 197 207 75 250 107 95 95 199 107 213 ]
cp = [ 20.2825 24.0288 41.1393 9.63914 40.7419 39.0662 38.727 26.7531 33.8871 19.1039 ]
D = [ 200 236 284 353 432 461 505 575 581 644 716 722 786 823 906 926 968 1028 1085 1126 1184 1233 1288 1318 1389 1319 1265 1218 1111 1086 982 957 919 816 747 862 926 975 1047 1070 1133 1074 963 888 752 677 572 495 418 480 477 525 593 603 668 706 738 772 833 885 910 958 1012 1024 1082 1160 1172 1198 1258 1287 1334 1410 1426 1383 1319 1227 1192 1165 1070 985 976 900 821 893 970 1034 1102 1103 1222 1092 1016 903 842 713 632 586 ]
