n = 10 ; 
T = 96 ; 
Init = [ 1 1 1 1 1 0 1 0 0 0 ]
L = [ 12 6 5 11 17 9 16 20 7 5 ]
l = [ 12 6 5 11 17 9 16 20 7 5 ]
Pmin = [ 192 75 70 172 281 150 281 315 121 47 ]
Pmax = [ 247 93 70 197 354 167 337 420 125 60 ]
cf = [ 64.3628 59.9832 65.6185 35.5093 15.6745 28.7892 8.50487 42.0674 19.1144 68.6399 ]
c0 = [ 161 80 72 158 245 144 231 250 113 62 ]
cp = [ 16.175 34.5636 40.8854 35.1388 13.7757 37.2176 14.4945 9.16967 26.9393 41.3063 ]
D = [ 191 257 258 329 405 416 487 510 574 613 724 772 788 816 875 969 1030 1085 1118 1148 1182 1230 1304 1373 1397 1346 1311 1247 1179 1137 1083 980 952 849 831 884 928 985 1075 1132 1177 1093 980 889 781 676 561 464 346 395 450 516 524 574 631 723 712 791 849 861 916 964 1024 1073 1149 1204 1235 1265 1311 1355 1449 1494 1528 1442 1368 1319 1219 1129 1048 1023 935 860 786 863 929 1002 1057 1130 1169 1078 1027 917 826 721 678 549 ]
