n = 10 ; 
T = 96 ; 
Init = [ 0 1 1 0 1 0 1 1 0 0 ]
L = [ 6 17 14 6 6 13 15 16 9 10 ]
l = [ 6 17 14 6 6 13 15 16 9 10 ]
Pmin = [ 73 311 236 53 91 191 271 270 159 164 ]
Pmax = [ 80 387 309 61 91 240 327 351 177 189 ]
cf = [ 61.6438 20.1959 47.5639 60.7036 20.391 28.4068 7.34554 8.55554 12.9182 62.0886 ]
c0 = [ 84 248 194 63 103 170 237 232 137 158 ]
cp = [ 34.2468 16.7904 14.7563 33.1706 37.1794 17.1558 19.4641 13.4655 28.3639 33.0383 ]
D = [ 277 318 414 468 555 569 606 731 750 797 890 961 961 1039 1139 1125 1203 1256 1346 1366 1445 1545 1541 1621 1653 1571 1496 1460 1381 1318 1211 1172 1093 1024 907 1018 1065 1160 1266 1346 1430 1296 1187 1084 970 831 729 561 462 527 564 603 671 676 785 794 843 917 924 980 1014 1048 1141 1187 1244 1261 1306 1348 1375 1436 1482 1562 1566 1520 1459 1396 1337 1272 1152 1090 1043 987 917 961 1080 1143 1222 1269 1359 1278 1142 1024 858 767 648 565 ]
