n = 10 ; 
T = 96 ; 
Init = [ 1 0 1 1 1 1 1 1 0 0 ]
L = [ 20 4 18 13 14 6 8 17 19 16 ]
l = [ 20 4 18 13 14 6 8 17 19 16 ]
Pmin = [ 315 43 308 219 242 103 135 309 315 274 ]
Pmax = [ 420 43 392 287 294 103 155 387 420 346 ]
cf = [ 10.8211 47.5666 62.6247 33.1515 34.8866 39.2225 22.3243 15.8512 27.0492 14.5276 ]
c0 = [ 250 52 250 182 212 114 136 250 250 235 ]
cp = [ 9.37326 41.8773 9.72712 20.3349 21.3478 39.8136 26.5953 12.2739 10.0387 16.4314 ]
D = [ 382 411 559 557 673 721 854 894 975 981 1080 1176 1271 1323 1353 1453 1541 1628 1654 1696 1786 1915 1931 2011 2061 1992 1856 1792 1690 1586 1535 1457 1311 1240 1188 1279 1377 1482 1544 1652 1790 1645 1446 1373 1210 1068 927 781 703 710 762 854 916 996 1079 1129 1154 1252 1345 1392 1433 1519 1564 1610 1755 1809 1894 1931 2018 2069 2078 2159 2203 2135 2063 1991 1884 1743 1679 1575 1473 1396 1222 1319 1461 1604 1685 1787 1866 1706 1617 1403 1263 1057 921 764 ]
