n = 20 ; 
T = 96 ; 
Init = [ 1 1 1 0 0 1 0 1 0 0 0 0 1 1 1 0 1 0 1 0 ]
L = [ 12 12 12 12 12 12 5 18 20 20 5 5 13 13 13 13 14 12 9 9 ]
l = [ 12 12 12 12 12 12 5 18 20 20 5 5 13 13 13 13 14 12 9 9 ]
Pmin = [ 202 202 170 170 192 192 68 315 315 315 56 56 186 186 215 215 246 189 160 160 ]
Pmax = [ 241 241 222 222 242 242 80 405 420 420 56 56 246 246 253 253 290 228 193 193 ]
cf = [ 33.7507 33.7507 9.85918 9.85918 46.2957 46.2957 41.7546 69.3933 67.7172 67.7172 41.1586 41.1586 51.4966 51.4966 28.045 28.045 56.8005 53.9328 22.4742 22.4742 ]
c0 = [ 187 187 157 157 181 181 90 250 250 250 73 73 163 163 194 194 217 177 147 147 ]
cp = [ 24.2225 24.2225 30.595 30.595 25.2989 25.2989 39.451 13.5291 9.39873 9.39873 37.5145 37.5145 25.8187 25.8187 16.6718 16.6718 25.8913 20.1283 27.2442 27.2442 ]
D = [ 588 853 850 1068 1154 1268 1541 1561 1775 1863 1959 2168 2183 2480 2452 2719 2835 2893 3018 3187 3325 3462 3594 3686 3792 3657 3573 3365 3196 2963 2808 2691 2416 2297 2093 2312 2541 2671 2951 3087 3346 3096 2816 2465 2207 1939 1548 1274 965 1176 1171 1386 1509 1640 1683 1916 2062 2158 2287 2312 2546 2524 2753 2921 2980 3149 3204 3309 3492 3664 3632 3841 3917 3778 3637 3481 3226 3041 2956 2756 2486 2273 2165 2389 2507 2640 2801 2941 3046 2843 2515 2361 2185 1963 1681 1441 ]
