n = 20 ; 
T = 96 ; 
Init = [ 1 1 1 0 0 1 0 0 1 0 0 1 1 0 0 0 1 1 1 0 ]
L = [ 15 12 12 15 15 12 5 18 19 12 19 10 4 9 12 8 17 8 18 12 ]
l = [ 15 12 12 15 15 12 5 18 19 12 19 10 4 9 12 8 17 8 18 12 ]
Pmin = [ 243 194 196 281 217 206 55 288 302 165 315 168 58 120 198 119 296 149 315 220 ]
Pmax = [ 319 227 236 341 285 245 57 365 393 210 420 189 58 145 236 137 359 165 395 254 ]
cf = [ 24.3852 55.278 41.5077 59.0158 17.0781 23.6799 30.9053 10.329 13.5835 9.00507 8.21917 69.0734 44.7714 31.2032 43.0828 36.8735 15.4786 44.9568 62.1998 56.2856 ]
c0 = [ 217 174 170 238 197 187 60 239 250 152 250 160 69 122 178 117 245 129 250 195 ]
cp = [ 16.5949 25.7378 28.164 18.921 31.0049 26.4201 36.5506 13.5855 8.57865 26.8334 9.76187 35.1995 41.1582 36.3277 25.2827 38.403 14.6115 22.6193 9.47748 22.0359 ]
D = [ 472 767 742 933 1209 1321 1438 1619 1691 1859 2102 2193 2382 2565 2666 2842 3022 3117 3221 3362 3491 3762 3840 4056 4192 3930 3888 3661 3517 3277 3068 3036 2754 2555 2378 2574 2873 3014 3056 3276 3433 3282 2972 2697 2394 2033 1783 1509 1170 1386 1417 1561 1723 1700 1874 1968 2094 2223 2394 2493 2617 2620 2838 2923 2972 3229 3292 3480 3532 3610 3785 3950 4069 3801 3749 3587 3325 3123 3074 2929 2827 2507 2390 2681 2756 3044 3129 3396 3512 3366 2961 2800 2539 2235 1857 1713 ]
