n = 20 ; 
T = 96 ; 
Init = [ 0 0 0 0 1 0 0 0 0 0 1 0 1 1 1 0 1 0 0 1 ]
L = [ 10 14 14 13 13 19 16 16 10 18 18 10 10 10 19 7 10 14 11 17 ]
l = [ 10 14 14 13 13 19 16 16 10 18 18 10 10 10 19 7 10 14 11 17 ]
Pmin = [ 145 230 230 215 215 312 277 277 146 307 307 171 144 144 315 103 142 213 171 274 ]
Pmax = [ 183 289 289 281 281 416 342 342 183 397 397 189 192 192 419 111 171 271 214 361 ]
cf = [ 50.3919 9.57677 9.57677 16.5709 16.5709 9.66342 31.9808 31.9808 24.3511 13.7906 13.7906 60.4527 63.4753 63.4753 37.9123 7.37322 13.0294 39.8033 37.5998 26.0252 ]
c0 = [ 130 189 189 187 187 250 232 232 128 245 245 148 126 126 250 100 130 192 153 228 ]
cp = [ 25.075 32.2357 32.2357 28.6309 28.6309 9.48898 16.3552 16.3552 33.5744 9.49431 9.49431 31.3923 25.0265 25.0265 9.08613 31.7887 28.2515 18.6971 19.2638 14.2406 ]
D = [ 790 1027 1126 1382 1364 1527 1780 1833 2019 2249 2375 2536 2732 2805 2976 3089 3267 3456 3656 3827 3979 4104 4205 4303 4589 4247 4182 3865 3651 3449 3225 3125 3006 2728 2525 2678 3056 3191 3448 3655 4069 3686 3288 2928 2465 2084 1684 1449 968 1090 1363 1475 1731 1887 1983 2033 2368 2358 2489 2745 2936 2977 3163 3450 3503 3653 3907 3946 4067 4330 4478 4588 4819 4536 4308 4193 3857 3652 3522 3285 3047 2831 2754 2829 3028 3308 3481 3656 3975 3593 3338 2958 2665 2442 1989 1799 ]
