n = 20 ; 
T = 96 ; 
Init = [ 1 1 1 1 0 1 0 0 0 0 1 1 1 0 0 1 0 0 0 1 ]
L = [ 5 5 9 9 13 16 9 9 17 17 5 5 6 6 17 11 11 7 7 17 ]
l = [ 5 5 9 9 13 16 9 9 17 17 5 5 6 6 17 11 11 7 7 17 ]
Pmin = [ 34 34 133 133 218 277 141 141 302 302 73 73 98 98 297 170 170 90 90 306 ]
Pmax = [ 37 37 168 168 281 333 164 164 364 364 73 73 98 98 360 194 194 110 110 372 ]
cf = [ 24.6318 24.6318 39.718 39.718 30.6371 65.6105 47.2576 47.2576 61.4491 61.4491 9.44889 9.44889 25.3451 25.3451 41.6965 58.4117 58.4117 11.6713 11.6713 27.3699 ]
c0 = [ 61 61 120 120 193 223 142 142 250 250 83 83 91 91 246 153 153 94 94 250 ]
cp = [ 41.1559 41.1559 39.3374 39.3374 30.3508 17.4377 32.7774 32.7774 9.35812 9.35812 36.3162 36.3162 34.7321 34.7321 10.2758 26.6177 26.6177 36.4609 36.4609 11.1295 ]
D = [ 386 501 660 793 877 934 1173 1289 1326 1505 1582 1650 1852 1963 2066 2170 2315 2317 2508 2620 2705 2832 2920 3026 3159 3007 2870 2741 2509 2405 2278 2079 1977 1761 1581 1773 1958 2093 2286 2529 2595 2494 2165 2063 1825 1619 1372 1165 963 1051 1089 1162 1267 1328 1456 1475 1562 1644 1848 1870 1925 2016 2186 2205 2317 2424 2472 2570 2701 2732 2812 2957 3095 2961 2782 2610 2487 2314 2206 2066 1892 1867 1712 1808 1875 2013 2173 2238 2368 2203 2030 1821 1657 1431 1286 1011 ]
