n = 20 ; 
T = 96 ; 
Init = [ 1 0 1 0 1 0 0 0 1 1 0 0 1 0 0 1 0 1 1 1 ]
L = [ 11 5 13 7 7 9 6 17 12 19 4 19 8 20 15 17 12 16 17 13 ]
l = [ 11 5 13 7 7 9 6 17 12 19 4 19 8 20 15 17 12 16 17 13 ]
Pmin = [ 185 53 235 93 111 120 72 307 164 315 43 315 118 315 264 266 170 259 285 194 ]
Pmax = [ 232 53 279 117 129 154 90 391 209 420 50 420 132 420 327 335 226 334 364 256 ]
cf = [ 10.1658 38.9872 25.9828 48.4516 22.4343 66.2129 17.603 23.538 21.7405 43.4098 26.7353 22.3455 42.2334 26.1331 55.2739 57.3062 8.63843 28.3519 27.8228 13.24 ]
c0 = [ 155 80 213 99 106 123 85 250 141 250 69 250 113 250 226 233 163 226 235 164 ]
cp = [ 28.7512 39.8534 31.9192 36.2979 37.1094 33.2836 33.1788 15.0881 25.9633 8.79515 41.1975 11.7463 37.5891 10.138 33.75 11.6327 28.5443 25.7082 14.9624 22.1007 ]
D = [ 440 607 845 1025 1105 1308 1297 1458 1624 1858 1945 2056 2331 2435 2541 2698 2935 3028 3242 3252 3428 3648 3699 3932 3970 3825 3725 3440 3362 3064 2861 2651 2553 2441 2082 2336 2699 2783 3050 3252 3602 3274 2903 2665 2293 2061 1831 1368 1147 1218 1441 1572 1550 1675 1915 1963 2072 2289 2425 2429 2655 2812 2766 3022 3033 3136 3330 3496 3530 3788 3885 3990 4140 3965 3795 3612 3320 3195 3042 2899 2724 2491 2357 2572 2696 2853 3175 3286 3538 3205 2890 2576 2279 1977 1617 1391 ]
