n = 20 ; 
T = 96 ; 
Init = [ 0 0 1 0 0 0 0 1 0 0 1 1 0 0 1 0 0 0 0 1 ]
L = [ 13 5 12 8 16 18 18 20 6 15 12 14 9 13 17 13 18 12 8 14 ]
l = [ 13 5 12 8 16 18 18 20 6 15 12 14 9 13 17 13 18 12 8 14 ]
Pmin = [ 240 68 199 117 278 303 299 315 93 248 190 216 130 207 298 246 310 199 94 197 ]
Pmax = [ 286 68 252 133 353 372 383 420 104 305 228 274 164 265 374 290 395 264 114 263 ]
cf = [ 35.5662 9.89647 41.1157 49.8311 27.8473 14.3956 48.2111 57.1007 17.1352 66.1499 57.6668 51.3936 39.9842 61.4247 35.9699 45.1514 58.9053 9.93726 16.9794 56.02 ]
c0 = [ 207 82 166 122 225 250 250 250 108 217 171 194 121 191 246 217 250 183 97 168 ]
cp = [ 26.6707 40.5504 14.7792 24.4212 19.5134 11.4263 15.9093 9.08173 32.896 33.924 23.7097 26.9437 34.5871 19.9363 18.1847 20.4776 13.5989 27.247 32.2201 31.005 ]
D = [ 946 1065 1105 1323 1368 1560 1633 1794 1887 2182 2275 2327 2532 2652 2775 2936 3030 3134 3456 3421 3641 3795 3999 4067 4243 4065 3822 3689 3475 3335 3117 2961 2801 2679 2602 2719 2828 3056 3391 3454 3643 3417 3073 2813 2569 2209 1776 1487 1181 1427 1471 1693 1669 1943 1924 2123 2347 2339 2546 2621 2704 2824 2999 3106 3163 3391 3484 3625 3821 3964 3977 4124 4341 4083 3854 3841 3627 3395 3263 3155 2850 2832 2626 2720 3009 3207 3375 3567 3632 3368 2994 2697 2428 2104 1789 1452 ]
