n = 20 ; 
T = 96 ; 
Init = [ 0 0 1 1 1 1 0 1 1 0 0 1 0 1 1 1 0 0 0 0 ]
L = [ 16 11 11 12 12 11 11 20 20 5 5 6 6 18 6 6 19 19 10 10 ]
l = [ 16 11 11 12 12 11 11 20 20 5 5 6 6 18 6 6 19 19 10 10 ]
Pmin = [ 248 166 166 211 211 155 155 315 315 90 90 70 70 289 80 80 315 315 144 144 ]
Pmax = [ 316 206 206 254 254 206 206 420 420 90 90 88 88 374 80 80 420 420 177 177 ]
cf = [ 25.3561 9.00713 9.00713 31.5442 31.5442 54.6119 54.6119 12.3064 12.3064 42.4707 42.4707 49.224 49.224 13.7204 13.084 13.084 65.948 65.948 17.8295 17.8295 ]
c0 = [ 222 154 154 187 187 139 139 250 250 89 89 91 91 250 96 96 250 250 132 132 ]
cp = [ 23.3825 30.546 30.546 28.4078 28.4078 26.169 26.169 10.3635 10.3635 36.9426 36.9426 39.8534 39.8534 21.1705 37.9453 37.9453 17.1003 17.1003 34.4286 34.4286 ]
D = [ 717 843 950 1165 1339 1434 1600 1732 1720 1947 2133 2201 2280 2372 2604 2656 2788 2999 3138 3301 3274 3530 3679 3704 3908 3712 3437 3227 3151 3016 2712 2627 2324 2165 1999 2258 2416 2472 2733 2917 3071 2835 2570 2284 2178 1850 1653 1383 1314 1308 1493 1601 1671 1831 1882 2003 2211 2196 2364 2433 2603 2698 2759 2985 3010 3088 3302 3313 3515 3666 3792 3888 3898 3669 3600 3338 3095 3012 2747 2510 2309 2116 2040 2211 2480 2589 2935 3134 3281 2991 2619 2465 2158 1734 1527 1131 ]
