n = 20 ; 
T = 96 ; 
Init = [ 0 1 1 1 0 0 1 0 1 1 1 0 1 1 0 1 0 1 0 1 ]
L = [ 17 7 14 5 8 11 14 12 12 17 17 18 14 13 15 16 4 18 10 17 ]
l = [ 17 7 14 5 8 11 14 12 12 17 17 18 14 13 15 16 4 18 10 17 ]
Pmin = [ 290 112 211 75 126 197 233 199 190 277 268 315 229 205 252 257 72 312 172 294 ]
Pmax = [ 347 129 271 75 153 225 271 252 229 369 356 411 273 264 313 319 72 386 210 386 ]
cf = [ 69.6859 45.8383 54.4905 56.5778 59.4708 28.6485 29.8864 56.0074 14.0604 60.2059 66.5062 26.5831 63.8238 7.79298 42.7546 31.3246 54.8814 9.64767 47.9503 8.50981 ]
c0 = [ 236 103 175 80 122 180 200 171 164 230 218 250 206 178 226 213 79 250 158 250 ]
cp = [ 13.6515 35.3265 28.0856 39.752 30.0751 22.7997 28.1767 19.9706 14.5968 11.9697 13.6835 12.9628 15.4072 21.1724 11.1102 14.1273 41.4376 13.4784 27.1312 13.3176 ]
D = [ 635 839 981 1081 1207 1416 1532 1779 1819 1941 2197 2338 2464 2605 2811 2885 3045 3323 3317 3499 3690 3844 3903 4150 4226 4032 4024 3844 3553 3349 3145 3070 2920 2708 2582 2747 2933 2916 3177 3253 3404 3113 2913 2578 2278 1939 1722 1433 1195 1164 1354 1622 1761 1752 1905 2017 2178 2432 2572 2696 2807 2948 3096 3223 3267 3525 3640 3692 3854 3933 4180 4301 4462 4191 4068 3823 3594 3401 3282 3003 2837 2770 2424 2620 2768 2995 3165 3334 3482 3220 2943 2826 2567 2299 1974 1621 ]
