n = 20 ; 
T = 96 ; 
Init = [ 1 0 0 1 0 0 1 1 0 1 0 1 1 1 1 0 0 1 0 1 ]
L = [ 16 6 5 19 19 19 4 8 5 8 7 12 9 6 18 15 6 5 11 5 ]
l = [ 16 6 5 19 19 19 4 8 5 8 7 12 9 6 18 15 6 5 11 5 ]
Pmin = [ 289 90 71 315 313 293 47 120 72 127 104 183 148 91 313 249 85 65 160 70 ]
Pmax = [ 352 102 74 420 393 389 47 122 78 131 105 238 174 93 387 303 85 65 212 70 ]
cf = [ 51.7601 35.7942 33.6059 26.4638 17.9757 18.9544 9.25973 7.56104 11.7009 11.4136 52.1264 12.4361 17.0399 13.0211 43.4176 60.3866 17.8805 40.5841 60.0297 30.3319 ]
c0 = [ 231 87 79 250 250 235 74 129 76 126 102 154 129 103 250 216 99 83 150 76 ]
cp = [ 13.1256 34.751 40.3103 10.7364 11.0028 15.6642 41.1509 24.8779 39.493 32.1018 32.364 31.5875 29.8026 38.4286 13.8161 20.5509 39.2587 40.8383 20.4085 41.1945 ]
D = [ 366 546 639 653 815 862 1073 1199 1242 1301 1409 1591 1628 1732 1923 1960 2152 2257 2304 2488 2522 2605 2697 2917 2906 2829 2640 2521 2482 2264 2107 1987 1842 1806 1594 1815 2032 2235 2339 2492 2646 2472 2286 1955 1778 1539 1274 1045 807 938 1077 1161 1237 1254 1433 1560 1555 1747 1864 1956 1933 2092 2224 2225 2444 2414 2527 2672 2828 2846 2912 3064 3189 3024 2932 2729 2647 2475 2295 2144 2004 1866 1702 1976 2056 2273 2440 2554 2729 2518 2230 2024 1737 1483 1317 1015 ]
