n = 20 ; 
T = 96 ; 
Init = [ 0 0 0 1 1 1 1 0 1 1 1 0 1 1 0 1 1 1 1 0 ]
L = [ 8 8 10 13 20 5 7 9 8 5 12 9 16 14 9 20 8 8 20 12 ]
l = [ 8 8 10 13 20 5 7 9 8 5 12 9 16 14 9 20 8 8 20 12 ]
Pmin = [ 120 129 171 222 315 38 89 136 114 27 197 122 279 240 145 315 126 114 315 194 ]
Pmax = [ 151 146 194 263 420 47 111 149 134 35 234 157 339 296 161 420 135 143 420 224 ]
cf = [ 22.089 14.6155 57.1977 12.1331 53.3344 43.5452 64.9499 41.5784 58.7201 67.7844 34.1467 14.3249 43.6503 40.748 13.9198 13.3976 55.9332 68.491 17.966 53.498 ]
c0 = [ 113 127 146 204 250 52 103 121 124 39 169 112 238 198 125 250 116 107 250 176 ]
cp = [ 38.8653 30.2545 26.5757 13.8417 8.62125 40.2239 35.3934 33.818 36.9465 39.248 19.0799 36.267 13.322 21.3971 24.7238 8.22997 32.8356 27.9179 8.56664 27.9725 ]
D = [ 806 817 1005 1023 1215 1291 1396 1569 1597 1745 1866 2021 2069 2135 2331 2400 2536 2685 2824 2803 3038 3026 3256 3371 3389 3284 3166 2983 2799 2641 2444 2314 2205 2084 1860 1999 2162 2399 2449 2678 2800 2630 2372 2200 1983 1809 1594 1251 1154 1154 1211 1368 1407 1589 1719 1757 1899 1906 1992 2170 2261 2324 2353 2519 2620 2717 2843 2841 3048 3070 3220 3320 3346 3284 3078 2898 2877 2724 2450 2439 2191 2030 1931 2084 2317 2409 2655 2785 2940 2742 2370 2085 1856 1569 1355 1131 ]
