n = 20 ; 
T = 96 ; 
Init = [ 1 0 1 0 1 1 0 0 0 1 1 0 1 1 1 1 0 0 0 1 ]
L = [ 20 14 20 19 19 8 15 15 13 9 18 18 18 19 9 9 10 19 19 19 ]
l = [ 20 14 20 19 19 8 15 15 13 9 18 18 18 19 9 9 10 19 19 19 ]
Pmin = [ 315 250 315 315 315 126 256 256 237 120 304 304 296 315 131 131 166 315 315 315 ]
Pmax = [ 420 308 419 410 410 138 312 312 287 157 404 404 387 413 173 173 214 401 401 400 ]
cf = [ 48.4434 65.7475 50.3367 60.5195 60.5195 59.7922 29.9925 29.9925 24.7764 19.2754 69.97 69.97 64.1837 23.189 10.4515 10.4515 10.5295 26.3939 26.3939 12.3388 ]
c0 = [ 250 206 250 250 250 120 215 215 206 124 249 249 250 250 115 115 151 250 250 250 ]
cp = [ 8.24244 17.9792 9.59255 9.2092 9.2092 29.56 15.061 15.061 22.7658 27.368 12.5187 12.5187 11.3227 8.82478 29.1683 29.1683 31.5663 9.695 9.695 11.7091 ]
D = [ 966 1017 1432 1441 1687 1958 2210 2279 2490 2782 2848 3188 3460 3504 3796 4045 4176 4418 4668 4859 5047 5142 5395 5579 5812 5531 5107 4852 4714 4514 4115 3829 3477 3290 3054 3264 3417 3749 4069 4231 4406 4184 3586 3180 2799 2536 2175 1721 1193 1519 1711 1872 2049 2014 2311 2562 2646 2931 3104 3275 3353 3492 3817 3984 3955 4198 4297 4452 4750 4850 5032 5230 5377 5115 5098 4695 4621 4284 4112 3785 3600 3443 3347 3353 3665 3880 3961 4182 4507 4263 3667 3329 3048 2847 2254 2014 ]
