n = 20 ; 
T = 96 ; 
Init = [ 0 1 0 1 1 1 0 0 1 1 1 0 0 1 0 1 1 0 1 1 ]
L = [ 16 7 9 19 15 18 8 19 10 7 20 9 15 17 17 12 18 18 14 10 ]
l = [ 16 7 9 19 15 18 8 19 10 7 20 9 15 17 17 12 18 18 14 10 ]
Pmin = [ 236 91 139 315 259 287 112 315 152 96 315 149 237 259 288 188 293 303 226 161 ]
Pmax = [ 310 112 180 420 337 378 138 420 186 126 412 179 305 341 376 241 379 389 298 195 ]
cf = [ 35.8708 30.5474 62.5479 53.1686 37.1273 13.0525 67.7669 57.0706 36.9098 9.92557 24.6668 30.0786 19.9612 53.7806 38.6195 32.9575 8.07431 34.5164 53.4177 56.1248 ]
c0 = [ 212 89 131 250 213 236 122 250 148 106 250 148 214 228 233 161 250 250 188 146 ]
cp = [ 12.9761 33.3397 31.3855 11.2036 17.9804 10.6847 31.9195 8.94533 30.626 34.8842 9.34983 31.8469 24.5531 19.8432 11.8339 24.4123 22.1588 13.4467 19.7623 28.1821 ]
D = [ 679 744 901 1044 1272 1481 1637 1846 1951 2076 2231 2467 2563 2683 2851 3069 3238 3424 3608 3678 3814 3978 4177 4402 4630 4479 4213 3935 3827 3661 3419 3201 2935 2897 2658 2854 3049 3200 3441 3575 3899 3615 3306 3047 2717 2412 1992 1667 1424 1613 1719 1820 1937 2170 2146 2291 2477 2641 2713 2843 2962 3235 3354 3418 3513 3772 3953 4071 4118 4347 4444 4492 4610 4574 4319 4016 3868 3818 3635 3408 3199 2986 2724 2922 3231 3447 3654 4013 4256 3797 3548 3172 2638 2372 1924 1559 ]
