n = 20 ; 
T = 96 ; 
Init = [ 1 0 0 1 1 1 1 0 1 0 0 1 1 1 0 0 0 0 1 0 ]
L = [ 14 14 8 17 17 18 14 14 14 17 18 13 13 19 19 12 12 12 5 5 ]
l = [ 14 14 8 17 17 18 14 14 14 17 18 13 13 19 19 12 12 12 5 5 ]
Pmin = [ 222 222 116 284 284 312 219 219 243 306 300 203 203 315 315 186 186 183 65 65 ]
Pmax = [ 271 271 152 367 367 384 286 286 310 383 383 239 239 420 420 213 213 211 65 65 ]
cf = [ 15.8017 15.8017 56.5265 33.5077 33.5077 14.6851 7.92296 7.92296 45.8979 39.1368 18.2336 54.2185 54.2185 23.4385 23.4385 33.1342 33.1342 59.4971 12.689 12.689 ]
c0 = [ 183 183 123 233 233 250 186 186 217 250 248 170 170 250 250 158 158 168 74 74 ]
cp = [ 21.8592 21.8592 29.4226 16.7231 16.7231 10.3912 14.4935 14.4935 25.3768 10.6793 10.6121 24.8357 24.8357 10.2774 10.2774 25.1958 25.1958 20.2814 39.8515 39.8515 ]
D = [ 583 754 788 1106 1237 1412 1432 1695 1795 1959 2200 2424 2566 2739 2875 3121 3121 3343 3437 3761 3880 4016 4175 4328 4480 4255 4131 3920 3774 3652 3451 3189 3070 2940 2624 2833 3075 3181 3486 3661 3762 3432 3158 2729 2404 2100 1749 1462 1178 1325 1516 1589 1795 1959 2068 2131 2276 2308 2640 2633 2737 2892 3151 3179 3253 3506 3659 3727 3824 4078 4144 4261 4488 4256 4112 3904 3660 3337 3203 2938 2832 2549 2428 2622 2804 3093 3420 3613 3798 3531 3201 2770 2523 2112 1780 1472 ]
