n = 20 ; 
T = 96 ; 
Init = [ 0 1 0 1 1 1 0 0 1 0 1 1 0 1 1 1 1 0 1 1 ]
L = [ 16 10 16 16 18 18 9 10 17 17 20 20 14 14 11 11 14 14 20 20 ]
l = [ 16 10 16 16 18 18 9 10 17 17 20 20 14 14 11 11 14 14 20 20 ]
Pmin = [ 269 182 294 294 299 299 155 142 308 308 315 315 259 259 181 181 238 238 315 315 ]
Pmax = [ 353 206 362 362 393 393 174 178 372 372 420 420 314 314 216 216 283 283 420 420 ]
cf = [ 40.8171 54.882 7.78754 7.78754 59.0392 59.0392 40.4059 28.5348 64.0463 64.0463 55.5819 55.5819 26.7476 26.7476 44.2781 44.2781 67.2088 67.2088 56.4119 56.4119 ]
c0 = [ 227 158 250 250 246 246 148 140 250 250 250 250 223 223 166 166 208 208 250 250 ]
cp = [ 16.6162 31.2016 16.8531 16.8531 13.9674 13.9674 31.5895 16.7721 23.6676 23.6676 8.02434 8.02434 17.4569 17.4569 29.8254 29.8254 19.6103 19.6103 9.12962 9.12962 ]
D = [ 933 1272 1481 1690 1781 1889 2112 2257 2426 2604 2919 3043 3115 3398 3653 3792 3921 4135 4290 4428 4697 4715 4874 5247 5274 5078 4920 4548 4435 4329 3915 3775 3588 3447 3095 3242 3452 3807 3921 4122 4235 3906 3472 3140 2673 2317 1946 1672 1192 1479 1577 1830 1937 2127 2245 2468 2707 2906 3163 3240 3308 3512 3842 4066 4184 4274 4412 4581 4861 5047 5132 5436 5633 5400 5099 4858 4692 4302 4130 3770 3728 3474 3187 3258 3442 3762 3876 4119 4216 3851 3434 3106 2765 2497 1971 1567 ]
