n = 20 ; 
T = 96 ; 
Init = [ 1 1 0 1 0 1 0 0 0 1 0 1 1 0 0 1 1 0 0 1 ]
L = [ 11 11 10 18 18 19 15 15 14 14 6 6 10 10 5 5 18 7 7 12 ]
l = [ 11 11 10 18 18 19 15 15 14 14 6 6 10 10 5 5 18 7 7 12 ]
Pmin = [ 199 186 152 315 315 315 249 249 252 252 77 77 178 178 79 79 293 101 101 192 ]
Pmax = [ 227 232 188 397 397 420 331 331 318 318 100 100 206 206 88 88 367 109 109 248 ]
cf = [ 61.5293 23.6577 57.8779 11.7642 11.7642 45.2743 33.2049 33.2049 62.6124 62.6124 46.6882 46.6882 8.31459 8.31459 28.4814 28.4814 46.6512 46.0013 46.0013 68.4562 ]
c0 = [ 178 169 137 250 250 250 207 207 220 220 90 90 151 151 99 99 234 94 94 169 ]
cp = [ 28.4183 24.5811 34.6987 9.13068 9.13068 11.1281 18.9591 18.9591 25.4089 25.4089 37.8268 37.8268 25.1395 25.1395 38.7187 38.7187 10.0891 33.2488 33.2488 32.5715 ]
D = [ 550 715 805 1055 1088 1268 1462 1565 1664 1905 2101 2167 2315 2467 2601 2805 2832 2965 3231 3250 3510 3599 3712 3831 4078 3849 3655 3379 3323 3039 2920 2618 2529 2357 2161 2356 2614 2688 3017 3056 3403 3114 2754 2435 2154 1785 1527 1304 1077 1039 1200 1382 1515 1591 1734 1948 2097 2129 2272 2439 2466 2603 2824 2898 2987 3219 3263 3530 3522 3715 3819 3911 4139 3805 3653 3531 3318 3022 2828 2705 2415 2254 2009 2302 2493 2666 2870 3080 3330 3088 2700 2562 2152 2031 1663 1387 ]
