n = 20 ; 
T = 96 ; 
Init = [ 1 1 0 0 0 0 0 0 1 0 1 0 0 0 0 0 1 1 0 1 ]
L = [ 7 11 11 15 15 6 16 9 9 5 5 16 16 6 6 19 8 14 8 6 ]
l = [ 7 11 11 15 15 6 16 9 9 5 5 16 16 6 6 19 8 14 8 6 ]
Pmin = [ 103 179 179 256 256 97 268 151 151 67 67 281 281 71 71 315 144 224 111 82 ]
Pmax = [ 133 200 200 330 330 107 350 171 171 77 77 346 346 85 85 420 153 294 142 82 ]
cf = [ 65.672 68.5071 68.5071 9.78531 9.78531 11.6501 64.8797 8.41611 8.41611 66.8189 66.8189 29.486 29.486 38.6893 38.6893 47.6787 17.2543 39.7906 18.8602 30.6093 ]
c0 = [ 95 162 162 211 211 99 232 140 140 89 89 243 243 73 73 250 139 188 101 100 ]
cp = [ 37.2558 33.553 33.553 18.1142 18.1142 37.8462 15.6424 29.4444 29.4444 27.2563 27.2563 14.4376 14.4376 40.4441 40.4441 19.1479 38.0698 25.4626 38.4549 33.9503 ]
D = [ 779 783 991 1092 1083 1283 1383 1381 1590 1695 1670 1895 1989 2024 2123 2238 2349 2354 2567 2558 2789 2855 2984 3068 3115 3043 2898 2776 2670 2504 2279 2262 2147 1882 1866 1919 2031 2294 2391 2612 2732 2467 2282 2012 1681 1494 1239 1066 817 843 954 1100 1260 1379 1405 1530 1556 1697 1837 1878 1987 2181 2188 2266 2411 2492 2692 2809 2795 2962 3134 3171 3320 3154 3038 2881 2670 2492 2395 2168 2061 1971 1787 1926 2190 2266 2427 2614 2874 2657 2366 2217 1944 1703 1529 1298 ]
