n = 20 ; 
T = 96 ; 
Init = [ 1 1 1 0 0 1 0 0 0 1 1 0 0 1 1 0 0 0 1 0 ]
L = [ 19 19 15 15 14 14 12 12 19 19 10 13 8 19 4 13 13 10 10 9 ]
l = [ 19 19 15 15 14 14 12 12 19 19 10 13 8 19 4 13 13 10 10 9 ]
Pmin = [ 315 315 263 263 251 251 180 180 315 315 148 203 105 315 48 207 207 166 166 145 ]
Pmax = [ 420 420 313 313 304 304 234 234 416 416 181 236 129 420 48 242 242 196 196 157 ]
cf = [ 46.8467 46.8467 53.8263 53.8263 38.431 38.431 41.0738 41.0738 25.1412 25.1412 40.8758 63.8723 30.0064 47.4657 29.6822 18.4974 18.4974 16.5635 16.5635 7.9293 ]
c0 = [ 250 250 226 226 208 208 173 173 250 250 146 171 102 250 69 186 186 141 141 138 ]
cp = [ 8.95258 8.95258 16.9515 16.9515 20.7155 20.7155 26.7183 26.7183 15.7888 15.7888 33.2812 25.9859 30.7977 10.5636 41.8827 28.2145 28.2145 30.0272 30.0272 26.4592 ]
D = [ 901 1045 1359 1347 1466 1776 1917 2058 2120 2269 2359 2671 2693 2876 3042 3208 3356 3516 3655 3684 3989 4040 4175 4288 4474 4270 4029 4009 3674 3543 3234 3108 2975 2831 2546 2749 2932 3006 3202 3299 3574 3288 3125 2850 2600 2255 1999 1748 1544 1725 1793 1993 1932 2177 2240 2445 2579 2714 2784 2971 3020 3325 3328 3483 3616 3750 3812 4116 4143 4388 4498 4636 4682 4429 4326 3994 3829 3607 3370 3078 2904 2601 2375 2660 2721 3079 3236 3496 3656 3422 3011 2759 2497 2155 1924 1461 ]
