n = 20 ; 
T = 96 ; 
Init = [ 0 0 1 0 0 1 1 1 1 1 1 1 1 0 0 1 1 1 1 0 ]
L = [ 9 15 5 10 20 14 11 9 17 18 19 18 16 5 17 6 11 6 16 17 ]
l = [ 9 15 5 10 20 14 11 9 17 18 19 18 16 5 17 6 11 6 16 17 ]
Pmin = [ 133 264 81 182 315 228 166 153 276 315 315 300 276 91 274 101 157 78 259 278 ]
Pmax = [ 167 320 81 216 420 281 220 180 356 400 420 375 347 91 345 101 210 101 322 364 ]
cf = [ 57.299 62.1541 42.0171 27.5173 55.5005 11.067 26.8362 55.8764 15.5919 63.3352 66.7102 67.9254 35.8406 18.2568 23.3858 59.4629 37.5935 68.6109 32.8577 29.668 ]
c0 = [ 135 225 84 159 250 193 157 144 241 250 250 242 238 88 237 110 149 94 218 244 ]
cp = [ 29.439 15.3701 37.9697 17.0983 8.19398 16.1428 31.694 27.5275 24.4552 9.72397 10.6414 15.0161 15.5574 38.9887 13.3236 35.5419 27.1183 33.6457 17.2379 16.2175 ]
D = [ 884 1066 1190 1289 1590 1623 1888 2009 2175 2199 2407 2631 2704 2806 2905 3127 3239 3537 3660 3717 3836 4070 4256 4274 4398 4226 4003 3914 3721 3529 3249 3171 2817 2710 2387 2600 2987 3195 3381 3590 3675 3390 3145 2821 2490 2195 1945 1580 1120 1274 1519 1587 1719 1879 2150 2289 2370 2567 2553 2726 2995 2982 3133 3397 3552 3503 3834 3826 4045 4174 4349 4394 4590 4374 4248 3946 3787 3609 3436 3177 3013 2748 2614 2638 2981 3175 3393 3482 3732 3277 3076 2740 2328 1942 1730 1332 ]
