n = 20 ; 
T = 96 ; 
Init = [ 1 1 1 1 1 0 1 1 1 0 1 1 0 1 0 0 1 0 0 0 ]
L = [ 6 20 19 12 10 12 9 19 19 5 14 12 18 17 15 9 17 7 13 11 ]
l = [ 6 20 19 12 10 12 9 19 19 5 14 12 18 17 15 9 17 7 13 11 ]
Pmin = [ 88 315 301 199 147 204 138 315 315 67 248 179 295 309 271 155 272 118 219 203 ]
Pmax = [ 91 420 393 251 184 238 174 413 420 67 308 237 384 384 327 182 362 135 262 233 ]
cf = [ 22.8882 49.8746 25.0573 37.7727 30.1852 16.1263 14.4163 30.9313 52.5666 63.0899 27.7208 57.2845 33.7375 64.5596 9.56443 56.4661 32.3415 10.322 30.6091 52.2364 ]
c0 = [ 85 250 250 170 134 179 120 250 250 72 210 172 245 250 225 149 229 119 182 174 ]
cp = [ 37.6357 9.29933 17.5747 16.8426 18.5623 34.2585 33.3252 12.7403 10.0914 38.1311 18.4287 24.1419 10.3821 13.4979 22.2343 20.418 18.1468 37.0595 31.4148 29.8693 ]
D = [ 524 759 1042 1142 1282 1390 1693 1718 1947 2089 2292 2477 2613 2869 2921 3091 3233 3380 3677 3716 3888 4134 4297 4399 4709 4373 4210 4065 3910 3538 3350 3113 3011 2737 2635 2898 2957 3180 3302 3625 3824 3491 3141 2819 2575 2312 1994 1725 1368 1451 1707 1797 1917 2027 2163 2314 2437 2536 2584 2634 2831 2952 3072 3302 3353 3404 3643 3661 3863 3877 4152 4189 4387 4184 3932 3732 3634 3404 3193 2994 2925 2644 2612 2694 2956 3090 3199 3460 3569 3374 3131 2884 2484 2237 2096 1825 ]
