n = 20 ; 
T = 96 ; 
Init = [ 0 1 1 0 0 0 0 1 1 1 0 1 1 1 1 1 0 0 1 0 ]
L = [ 9 12 15 16 13 9 18 20 15 5 19 8 13 14 13 11 16 13 8 5 ]
l = [ 9 12 15 16 13 9 18 20 15 5 19 8 13 14 13 11 16 13 8 5 ]
Pmin = [ 145 185 239 282 197 139 298 315 260 80 300 151 221 222 210 153 264 198 107 75 ]
Pmax = [ 160 227 292 360 259 167 392 420 313 80 386 166 261 275 256 196 347 250 121 75 ]
cf = [ 18.1243 52.3986 9.08068 8.57363 21.2543 47.7203 20.5787 29.2765 69.9756 53.4867 18.2429 27.1557 27.2256 68.8037 55.7777 28.4345 58.0873 36.4906 9.35408 65.7759 ]
c0 = [ 132 167 212 236 164 139 250 250 212 95 243 151 187 200 181 139 219 174 106 77 ]
cp = [ 36.2911 17.3065 17.7842 20.4769 20.6483 33.8766 14.3892 10.408 20.6173 39.2876 14.4556 37.5375 22.8734 27.3906 19.0027 30.7505 13.7285 22.6378 31.4155 37.6121 ]
D = [ 525 797 853 1054 1129 1324 1532 1524 1776 1982 2011 2157 2284 2521 2602 2865 3000 3107 3186 3442 3511 3694 3853 4042 4147 3945 3669 3612 3349 3189 3052 2817 2597 2367 2185 2440 2620 2678 2959 3060 3176 2924 2793 2475 2312 2113 1727 1549 1368 1451 1531 1640 1822 1854 2076 2106 2377 2372 2558 2607 2796 2880 2939 3197 3206 3377 3579 3577 3673 3798 4057 4195 4174 3990 3806 3615 3418 3154 2966 2766 2647 2418 2205 2388 2676 2804 3079 3334 3519 3316 2957 2668 2245 2007 1670 1320 ]
