n = 20 ; 
T = 96 ; 
Init = [ 0 0 1 1 0 1 1 0 1 1 1 1 0 1 1 0 1 0 0 1 ]
L = [ 15 7 5 7 16 17 11 7 19 17 16 9 11 11 5 13 15 6 7 18 ]
l = [ 15 7 5 7 16 17 11 7 19 17 16 9 11 11 5 13 15 6 7 18 ]
Pmin = [ 270 109 64 85 270 289 177 115 315 303 274 130 153 174 68 237 251 96 119 315 ]
Pmax = [ 329 117 79 106 351 381 220 118 404 374 342 137 200 210 68 292 316 96 121 400 ]
cf = [ 59.1177 8.97552 26.7432 66.2631 43.6712 20.9046 41.1981 8.60426 8.97505 36.0418 49.5408 29.8437 61.3366 28.9883 10.4089 50.0625 17.9615 53.6901 22.0011 60.4391 ]
c0 = [ 224 108 81 96 235 249 164 115 250 250 225 124 139 156 83 206 214 91 116 250 ]
cp = [ 14.5682 30.2593 40.3639 35.8566 18.4598 15.213 35.971 35.1541 10.1986 16.5396 18.6291 32.7437 25.5714 31.168 39.5038 18.9463 13.7046 37.7974 36.3592 12.1839 ]
D = [ 653 673 839 909 1165 1328 1467 1587 1628 1874 1933 2083 2213 2354 2505 2709 2716 2984 3102 3192 3410 3465 3639 3783 3923 3712 3624 3298 3229 3035 2913 2684 2543 2278 2150 2339 2484 2740 2911 3127 3321 3078 2803 2485 2244 1811 1557 1355 1040 1069 1301 1303 1423 1678 1788 1893 2035 2096 2238 2293 2405 2531 2695 2857 2947 3122 3272 3246 3444 3572 3603 3834 4005 3817 3556 3265 3123 2933 2752 2520 2407 2164 1982 2245 2344 2529 2775 2893 3186 2824 2589 2244 2055 1862 1557 1165 ]
