n = 20 ; 
T = 96 ; 
Init = [ 1 1 1 1 1 1 0 1 1 0 0 0 0 1 1 1 1 1 0 0 ]
L = [ 4 6 14 18 16 13 16 6 9 12 14 5 9 7 18 4 9 20 8 14 ]
l = [ 4 6 14 18 16 13 16 6 9 12 14 5 9 7 18 4 9 20 8 14 ]
Pmin = [ 29 65 219 307 254 230 247 66 130 174 237 62 119 121 295 59 149 315 93 236 ]
Pmax = [ 32 67 287 391 335 268 320 79 148 220 295 62 143 127 370 59 172 418 122 286 ]
cf = [ 47.1965 8.46789 30.2271 8.1809 61.3391 66.6326 55.7377 40.3308 53.7519 58.1388 21.1973 50.0952 42.6052 21.0984 56.8789 7.42506 37.1091 34.5435 23.6807 67.6773 ]
c0 = [ 61 83 201 247 215 193 215 73 125 162 212 79 110 108 238 68 150 250 98 205 ]
cp = [ 40.5541 31.9574 15.0567 13.4092 10.6333 36.6694 16.89 33.3787 31.332 23.4738 30.3392 40.0569 35.7841 33.4839 16.2659 39.2154 24.4025 9.50163 26.2159 18.6523 ]
D = [ 463 564 620 727 852 1075 1187 1219 1342 1554 1713 1698 1883 2005 2173 2218 2403 2489 2667 2800 2821 3031 3085 3250 3283 3169 3088 2851 2654 2528 2422 2308 2162 1990 1863 2022 2103 2269 2339 2573 2678 2573 2304 2106 1852 1630 1355 1165 1010 1161 1256 1210 1432 1443 1504 1600 1808 1907 2009 2047 2170 2282 2401 2389 2573 2624 2718 2862 2860 2972 3077 3220 3274 3174 3047 2870 2808 2691 2449 2357 2294 2050 1967 2172 2287 2462 2666 2741 2917 2698 2437 2211 1856 1617 1433 1165 ]
