n = 20 ; 
T = 96 ; 
Init = [ 1 1 0 0 1 1 1 1 1 0 0 1 1 0 0 0 0 1 0 0 ]
L = [ 17 13 12 12 12 15 15 17 8 8 19 19 6 12 12 4 4 18 18 8 ]
l = [ 17 13 12 12 12 15 15 17 8 8 19 19 6 12 12 4 4 18 18 8 ]
Pmin = [ 272 206 210 210 181 252 252 291 142 142 310 310 81 175 175 34 34 315 315 142 ]
Pmax = [ 353 271 252 252 241 308 308 375 153 153 398 398 90 229 229 34 34 384 384 158 ]
cf = [ 60.1952 27.2891 31.9042 31.9042 48.1999 35.5751 35.5751 39.5889 55.8063 55.8063 38.1609 38.1609 31.1129 20.1966 20.1966 17.3802 17.3802 47.8712 47.8712 49.4765 ]
c0 = [ 224 180 190 190 154 217 217 239 124 124 250 250 91 160 160 45 45 250 250 139 ]
cp = [ 18.3063 15.4179 33.2772 33.2772 22.9169 15.6431 15.6431 11.8583 29.4581 29.4581 9.01994 9.01994 35.0596 24.407 24.407 40.6261 40.6261 9.41384 9.41384 26.4697 ]
D = [ 631 770 911 998 1145 1232 1382 1617 1718 1915 1929 2225 2286 2433 2525 2737 2876 3056 3090 3282 3421 3551 3741 3794 3896 3824 3684 3546 3281 3222 2966 2892 2652 2582 2274 2563 2780 2821 3024 3204 3488 3115 2818 2572 2392 2049 1695 1516 1171 1362 1436 1475 1685 1779 1896 2023 2204 2222 2451 2538 2590 2748 2874 2973 3156 3101 3306 3392 3497 3732 3729 3949 3922 3913 3638 3510 3284 3169 3034 2827 2604 2427 2326 2532 2668 2718 2936 3136 3273 2978 2706 2521 2267 1822 1620 1434 ]
