n = 20 ; 
T = 96 ; 
Init = [ 1 1 0 0 1 0 0 0 0 1 1 1 1 1 0 0 1 1 0 0 ]
L = [ 18 18 17 17 12 12 18 18 15 15 12 16 6 6 18 18 16 13 19 14 ]
l = [ 18 18 17 17 12 12 18 18 15 15 12 16 6 6 18 18 16 13 19 14 ]
Pmin = [ 293 293 261 261 208 208 306 306 228 228 177 282 101 101 287 287 265 228 315 230 ]
Pmax = [ 374 374 348 348 249 249 376 376 302 302 233 342 101 101 380 380 351 271 420 295 ]
cf = [ 9.31071 9.31071 10.4667 10.4667 65.1036 65.1036 27.309 27.309 38.8033 38.8033 16.2282 61.6888 37.9375 37.9375 61.6224 61.6224 65.924 56.0261 27.6162 57.4215 ]
c0 = [ 244 244 230 230 175 175 250 250 196 196 159 243 104 104 249 249 218 206 250 192 ]
cp = [ 11.4005 11.4005 20.2802 20.2802 29.5614 29.5614 14.8712 14.8712 21.0947 21.0947 27.3652 18.9981 35.0362 35.0362 13.7647 13.7647 15.834 28.3012 10.4245 18.0178 ]
D = [ 964 1003 1373 1509 1608 1866 2072 2175 2402 2471 2846 2991 3225 3283 3515 3765 3787 4145 4273 4329 4613 4890 4976 5261 5384 5172 4866 4565 4346 4092 3879 3542 3372 3114 2959 3151 3414 3498 3838 3913 4111 3876 3376 3089 2727 2504 2052 1757 1542 1726 1742 1976 2099 2288 2547 2659 2879 3045 3232 3208 3463 3637 3672 4038 4119 4255 4385 4562 4760 4934 5079 5155 5438 5209 4923 4617 4525 4160 3999 3715 3371 3293 2849 3177 3378 3743 3790 4047 4414 3869 3553 3167 2863 2418 2005 1617 ]
