n = 20 ; 
T = 96 ; 
Init = [ 1 1 0 0 0 0 0 0 1 0 1 1 1 0 0 0 0 1 0 0 ]
L = [ 5 7 7 20 20 5 5 19 11 11 6 6 14 19 19 10 10 14 14 11 ]
l = [ 5 7 7 20 20 5 5 19 11 11 6 6 14 19 19 10 10 14 14 11 ]
Pmin = [ 41 88 88 315 315 48 48 315 180 180 99 99 228 315 315 181 181 237 237 153 ]
Pmax = [ 49 106 106 420 420 57 57 418 216 216 100 100 281 393 393 203 203 304 304 198 ]
cf = [ 31.3737 32.9547 32.9547 55.5608 55.5608 59.1352 59.1352 40.4773 19.4953 19.4953 42.4377 42.4377 23.4298 38.5485 38.5485 28.6416 28.6416 10.1252 10.1252 53.862 ]
c0 = [ 55 94 94 250 250 64 64 250 173 173 104 104 207 250 250 161 161 206 206 141 ]
cp = [ 40.3307 26.7016 26.7016 9.64641 9.64641 33.4682 33.4682 13.4916 34.6057 34.6057 40.1336 40.1336 17.7984 9.79303 9.79303 21.048 21.048 19.692 19.692 30.5057 ]
D = [ 450 620 849 940 1061 1206 1262 1552 1592 1822 1897 2048 2173 2364 2388 2652 2795 2934 3045 3204 3388 3428 3611 3774 3805 3740 3574 3299 3124 2999 2797 2610 2349 2234 1997 2235 2314 2510 2731 2874 2995 2741 2483 2342 2139 1765 1582 1380 1026 1240 1339 1511 1580 1754 1772 1903 2060 2077 2297 2361 2491 2616 2755 2915 2928 3042 3153 3319 3418 3465 3669 3800 3906 3676 3529 3354 3182 2944 2696 2623 2317 2215 2033 2224 2393 2491 2695 2905 3068 2765 2641 2373 2078 1812 1586 1352 ]
