n = 20 ; 
T = 96 ; 
Init = [ 0 0 0 1 1 0 1 0 0 0 1 1 0 1 0 1 1 1 1 0 ]
L = [ 9 7 10 7 7 18 17 12 20 20 7 4 8 8 19 8 14 14 11 11 ]
l = [ 9 7 10 7 7 18 17 12 20 20 7 4 8 8 19 8 14 14 11 11 ]
Pmin = [ 144 131 167 90 90 301 294 169 315 315 84 24 125 125 309 116 217 217 181 181 ]
Pmax = [ 154 134 211 95 95 384 368 222 410 410 103 30 156 156 400 153 281 281 219 219 ]
cf = [ 27.7811 10.4297 55.7819 29.8964 29.8964 24.6334 28.8989 50.3088 56.688 56.688 17.6781 11.0054 32.6072 32.6072 7.48013 21.7535 34.9314 34.9314 42.8872 42.8872 ]
c0 = [ 143 119 143 97 97 250 250 150 250 250 94 53 118 118 250 120 193 193 156 156 ]
cp = [ 23.4271 35.7959 30.611 28.829 28.829 9.52666 9.00569 21.7312 12.8951 12.8951 35.8776 40.7462 30.4463 30.4463 10.638 38.838 15.5537 15.5537 30.8841 30.8841 ]
D = [ 674 772 854 1086 1107 1297 1343 1482 1627 1769 1894 2050 2085 2227 2444 2462 2659 2812 2867 2936 3109 3204 3340 3457 3562 3401 3195 3129 2989 2767 2641 2446 2362 2195 1947 2131 2402 2610 2811 3105 3170 2884 2722 2373 2106 1877 1586 1232 907 1144 1129 1288 1479 1559 1577 1707 1821 1966 2010 2118 2339 2358 2529 2587 2760 2853 2930 3098 3148 3318 3338 3440 3600 3440 3191 3165 2879 2765 2633 2397 2248 2155 1970 2093 2323 2561 2705 2940 3053 2842 2624 2395 2095 1776 1497 1261 ]
