n = 20 ; 
T = 96 ; 
Init = [ 0 0 0 0 1 0 1 0 0 1 1 0 0 0 1 0 0 0 1 0 ]
L = [ 16 13 8 6 15 16 16 4 5 18 13 16 20 19 17 12 5 20 5 19 ]
l = [ 16 13 8 6 15 16 16 4 5 18 13 16 20 19 17 12 5 20 5 19 ]
Pmin = [ 260 233 144 81 244 261 279 52 60 305 213 269 315 315 297 193 56 315 60 315 ]
Pmax = [ 327 274 171 86 320 333 343 61 60 399 255 345 420 420 377 232 67 420 62 420 ]
cf = [ 19.944 48.4849 36.3398 12.7994 32.0684 66.8461 53.4836 44.3452 25.9441 20.492 61.1205 13.6937 68.8229 66.5817 66.3389 52.8459 53.2763 68.7376 16.1873 67.9878 ]
c0 = [ 227 207 127 97 214 228 224 67 68 250 183 232 250 250 243 176 65 250 83 250 ]
cp = [ 25.2206 23.3725 39.2466 34.4142 26.5025 11.3825 22.2691 40.7394 34.1676 9.87593 19.5175 21.069 8.07106 10.5244 22.9596 18.9994 40.7983 9.26516 33.2493 9.07761 ]
D = [ 897 1014 1104 1141 1436 1568 1621 1806 1901 2077 2324 2329 2464 2682 2828 2945 3092 3288 3380 3520 3715 3963 4105 4149 4232 4208 3851 3776 3597 3335 3291 3046 2755 2654 2500 2733 2798 3125 3200 3411 3570 3263 3051 2716 2481 2269 1905 1670 1415 1424 1669 1809 1844 1998 2142 2296 2392 2473 2718 2897 3007 3092 3340 3384 3549 3616 3824 3970 4112 4273 4273 4491 4575 4482 4281 4090 3845 3618 3400 3197 3041 2733 2533 2694 3022 3248 3427 3514 3883 3465 3287 2925 2655 2388 2133 1692 ]
