n = 20 ; 
T = 96 ; 
Init = [ 0 1 1 1 0 0 1 0 0 1 1 0 1 0 1 1 1 0 0 1 ]
L = [ 15 13 4 15 5 5 10 8 7 12 6 19 9 17 12 4 12 17 16 5 ]
l = [ 15 13 4 15 5 5 10 8 7 12 6 19 9 17 12 4 12 17 16 5 ]
Pmin = [ 235 234 77 229 70 67 148 112 97 197 84 315 137 304 203 49 179 292 276 74 ]
Pmax = [ 295 289 77 298 83 76 195 130 97 249 84 399 171 370 231 62 216 353 357 77 ]
cf = [ 9.65455 45.308 30.246 26.861 37.7361 28.869 32.3675 8.77189 23.0035 48.2455 43.1915 9.72049 21.63 21.571 57.3651 53.6975 8.68964 27.6865 35.4444 8.1156 ]
c0 = [ 209 203 90 204 82 86 139 117 112 172 89 250 140 246 182 60 162 249 237 83 ]
cp = [ 15.576 14.5142 36.2119 10.3844 31.6783 36.6257 37.8434 35.3062 31.2378 26.4336 40.9954 13.6007 31.4043 26.8541 23.9072 40.9704 24.9176 18.7887 11.1144 34.4517 ]
D = [ 580 811 875 1030 1115 1286 1381 1402 1538 1625 1820 1935 2030 2169 2318 2325 2452 2522 2704 2831 2986 3011 3181 3232 3424 3266 3158 2952 2744 2666 2509 2316 2206 2146 1993 2026 2343 2492 2579 2769 3038 2774 2386 2206 1965 1611 1470 1241 851 1086 1065 1255 1380 1450 1579 1626 1835 1919 2004 2151 2231 2323 2466 2521 2674 2686 2836 2981 3009 3086 3247 3327 3519 3288 3102 2909 2718 2576 2476 2231 2069 1992 1830 2014 2079 2266 2391 2559 2725 2589 2261 2012 1862 1573 1420 1169 ]
