n = 20 ; 
T = 96 ; 
Init = [ 0 0 0 1 0 1 0 1 0 0 0 0 1 1 1 0 1 1 1 1 ]
L = [ 7 15 7 13 17 13 7 13 18 12 11 11 16 7 11 7 20 9 12 9 ]
l = [ 7 15 7 13 17 13 7 13 18 12 11 11 16 7 11 7 20 9 12 9 ]
Pmin = [ 114 254 80 207 315 230 105 209 290 191 177 190 263 119 176 109 315 157 198 128 ]
Pmax = [ 127 306 99 240 386 269 130 259 381 246 210 218 330 125 199 129 420 186 225 145 ]
cf = [ 20.1941 41.4392 23.8398 53.2803 31.4528 18.0694 15.0252 52.7172 54.585 13.4512 29.6487 8.00534 29.2968 50.5597 42.445 16.4818 15.5361 8.41271 16.085 32.5804 ]
c0 = [ 109 210 85 183 250 198 106 194 237 174 151 178 222 113 165 107 250 135 184 121 ]
cp = [ 26.0221 15.1744 24.165 18.4694 11.2853 30.346 26.3076 18.5483 14.026 19.3075 20.6563 19.5603 14.886 33.07 27.7829 37.7521 8.58333 27.5425 27.3597 31.9992 ]
D = [ 643 844 1011 1012 1192 1275 1415 1651 1687 1737 1915 2084 2125 2236 2410 2509 2663 2779 2936 2978 3241 3328 3368 3443 3719 3520 3361 3109 3089 2906 2720 2451 2347 2206 1984 2289 2460 2606 2857 2941 3184 2855 2688 2382 2042 1758 1598 1290 918 1117 1170 1394 1427 1557 1754 1765 1869 2127 2195 2319 2348 2530 2635 2789 2862 3030 3067 3257 3366 3542 3668 3769 3894 3695 3488 3302 3159 2910 2840 2672 2502 2364 2132 2209 2415 2595 2731 2921 3070 2927 2559 2390 2140 1925 1622 1494 ]
