n = 20 ; 
T = 96 ; 
Init = [ 1 1 1 0 1 0 0 1 1 0 0 1 0 0 0 1 0 0 1 1 ]
L = [ 8 8 10 13 13 16 16 8 8 10 8 8 14 14 11 11 11 11 14 5 ]
l = [ 8 8 10 13 13 16 16 8 8 10 8 8 14 14 11 11 11 11 14 5 ]
Pmin = [ 131 131 157 220 220 277 277 120 120 139 110 110 232 232 178 178 169 169 232 65 ]
Pmax = [ 150 150 186 257 257 349 349 144 144 175 140 140 282 282 225 225 207 207 282 65 ]
cf = [ 27.7426 27.7426 65.5905 57.4354 57.4354 7.50839 7.50839 63.6336 63.6336 25.3294 69.5339 69.5339 8.66209 8.66209 39.3353 39.3353 23.8593 23.8593 51.9998 53.3521 ]
c0 = [ 120 120 143 184 184 225 225 110 110 133 104 104 198 198 163 163 156 156 201 71 ]
cp = [ 30.7694 30.7694 23.3182 19.1388 19.1388 15.1181 15.1181 28.2917 28.2917 28.2974 38.6981 38.6981 24.1046 24.1046 25.5075 25.5075 31.3636 31.3636 22.5506 41.1679 ]
D = [ 715 775 966 1067 1187 1340 1335 1549 1682 1709 1905 1944 2080 2281 2396 2493 2609 2727 2817 2962 3077 3315 3398 3461 3564 3482 3364 3190 3021 2855 2577 2515 2284 2228 1988 2050 2320 2403 2554 2678 2818 2511 2329 2106 1876 1530 1280 1042 922 1008 1016 1194 1325 1478 1496 1625 1664 1784 2001 2147 2190 2336 2465 2458 2622 2742 2897 2996 3022 3196 3309 3386 3553 3394 3239 3089 2799 2681 2603 2299 2155 1974 1891 2078 2094 2228 2433 2531 2674 2457 2218 2076 1893 1672 1411 1127 ]
