n = 20 ; 
T = 96 ; 
Init = [ 1 0 1 0 0 0 0 1 0 0 1 1 1 0 1 0 0 0 1 1 ]
L = [ 15 15 19 5 12 12 12 16 16 14 14 18 11 16 9 9 7 17 17 4 ]
l = [ 15 15 19 5 12 12 12 16 16 14 14 18 11 16 9 9 7 17 17 4 ]
Pmin = [ 251 251 311 49 169 169 194 281 281 225 225 314 180 281 133 133 103 275 275 37 ]
Pmax = [ 313 313 404 53 212 212 243 347 347 289 289 384 223 360 168 168 134 339 339 37 ]
cf = [ 66.1991 66.1991 16.6836 11.9864 47.0536 47.0536 43.1431 20.0003 20.0003 46.8011 46.8011 34.4275 9.34826 52.9002 8.42681 8.42681 49.9373 31.9328 31.9328 30.4459 ]
c0 = [ 217 217 250 63 158 158 182 241 241 191 191 250 160 233 129 129 116 235 235 65 ]
cp = [ 31.3845 31.3845 10.7102 37.0582 30.9597 30.9597 26.2229 18.1695 18.1695 29.4416 29.4416 10.1652 26.2376 10.1413 33.3399 33.3399 31.0717 20.4859 20.4859 41.1799 ]
D = [ 567 718 849 973 1186 1334 1447 1701 1835 2054 2105 2360 2469 2674 2853 2903 3164 3278 3464 3530 3832 3826 4033 4256 4430 4246 4009 3830 3521 3323 3203 2855 2645 2495 2299 2527 2560 2893 3022 3218 3417 2990 2833 2533 2340 2009 1789 1504 1145 1357 1396 1475 1660 1731 1902 2099 2070 2294 2492 2523 2570 2820 2898 2910 3113 3210 3435 3480 3689 3693 3814 3961 4014 3828 3764 3601 3493 3268 3011 2836 2701 2554 2338 2643 2821 3031 3222 3441 3564 3348 2994 2751 2474 2268 1917 1721 ]
