n = 20 ; 
T = 96 ; 
Init = [ 0 1 1 0 1 0 1 1 0 0 1 0 1 1 1 1 1 1 0 0 ]
L = [ 19 19 16 18 19 12 12 4 4 17 20 20 13 13 16 5 16 16 13 13 ]
l = [ 19 19 16 18 19 12 12 4 4 17 20 20 13 13 16 5 16 16 13 13 ]
Pmin = [ 315 315 244 300 315 187 187 51 51 288 315 315 218 218 282 50 284 284 231 231 ]
Pmax = [ 408 408 325 393 420 227 227 51 51 365 420 420 258 258 345 50 343 343 269 269 ]
cf = [ 25.018 25.018 38.8184 66.8613 21.877 10.88 10.88 42.3227 42.3227 40.4042 56.3754 56.3754 57.0233 57.0233 43.9807 57.9465 56.4083 56.4083 52.3439 52.3439 ]
c0 = [ 250 250 201 250 250 170 170 63 63 245 250 250 183 183 228 62 231 231 190 190 ]
cp = [ 10.1234 10.1234 17.1647 16.9318 9.45229 35.4923 35.4923 41.0345 41.0345 17.1126 9.70416 9.70416 27.8899 27.8899 14.2836 38.7035 17.183 17.183 20.1058 20.1058 ]
D = [ 987 1226 1420 1540 1621 1882 1832 2178 2318 2331 2638 2669 2893 3038 3072 3250 3443 3472 3636 3803 3954 4150 4223 4366 4566 4333 4312 3996 3778 3709 3309 3228 3032 2894 2567 2759 3189 3337 3726 3930 4158 3868 3333 3015 2721 2288 1999 1533 1218 1400 1529 1713 1857 2090 2039 2316 2566 2636 2701 3014 3176 3178 3449 3503 3639 3859 4104 4098 4366 4441 4725 4708 4861 4675 4536 4413 4144 3819 3619 3409 3326 3099 2916 3003 3250 3476 3683 3807 3947 3552 3322 2955 2624 2291 2040 1688 ]
