n = 20 ; 
T = 96 ; 
Init = [ 0 0 0 1 1 0 1 1 0 0 1 0 1 0 0 0 0 0 1 1 ]
L = [ 18 12 16 7 11 12 20 6 5 14 6 13 9 18 7 19 18 16 14 9 ]
l = [ 18 12 16 7 11 12 20 6 5 14 6 13 9 18 7 19 18 16 14 9 ]
Pmin = [ 297 211 279 92 163 180 315 53 76 258 82 211 122 295 120 315 314 286 241 136 ]
Pmax = [ 366 253 349 112 192 231 420 69 76 308 91 251 139 393 126 402 402 350 286 143 ]
cf = [ 37.0583 67.9521 25.6796 11.0279 69.1242 17.1861 55.8342 32.8127 67.1244 48.7041 30.0918 44.7977 28.1358 33.136 27.8235 34.6107 35.9327 23.9315 32.1952 37.5684 ]
c0 = [ 250 189 225 102 141 152 250 79 75 211 82 191 126 250 108 250 250 241 206 131 ]
cp = [ 14.1853 28.0619 13.5028 35.6713 19.9637 32.3368 8.00557 38.1954 41.1249 19.2553 38.2633 27.2573 21.4047 13.0713 36.0347 9.25647 16.876 17.6054 14.6927 24.4996 ]
D = [ 582 785 826 1100 1108 1342 1420 1517 1811 1847 1931 2075 2222 2421 2482 2758 2903 3006 3053 3212 3482 3548 3711 3765 4036 3727 3635 3445 3271 3168 2979 2821 2601 2496 2291 2456 2598 2849 2972 3088 3236 3039 2714 2424 2105 1884 1550 1237 958 1153 1192 1367 1456 1653 1822 1976 1970 2149 2249 2306 2447 2546 2761 2805 3042 3207 3233 3371 3492 3690 3790 3789 3935 3889 3618 3505 3265 3151 3003 2775 2551 2501 2325 2397 2568 2768 2870 3094 3168 3007 2741 2410 2224 1868 1639 1387 ]
