n = 20 ; 
T = 96 ; 
Init = [ 1 1 1 1 0 1 0 1 0 1 0 0 1 1 0 1 0 1 1 1 ]
L = [ 12 18 16 13 7 15 12 9 13 13 17 7 7 4 12 9 14 18 5 9 ]
l = [ 12 18 16 13 7 15 12 9 13 13 17 7 7 4 12 9 14 18 5 9 ]
Pmin = [ 189 310 267 206 71 249 190 156 223 228 280 126 92 34 184 138 245 296 35 134 ]
Pmax = [ 234 397 337 262 92 314 242 178 281 281 347 140 107 35 234 166 289 364 39 143 ]
cf = [ 67.1875 20.5738 9.42335 30.1776 36.461 26.7894 58.8417 32.8978 10.5753 9.07693 26.1359 48.9656 40.198 16.3007 52.3177 14.4563 34.6848 69.7786 12.6993 54.679 ]
c0 = [ 171 250 233 171 84 208 165 155 189 193 224 129 103 54 156 138 220 244 57 125 ]
cp = [ 21.8975 10.1061 28.6469 22.53 28.7141 17.3493 27.563 37.627 22.9552 16.1451 8.71456 31.2993 34.7754 41.1634 20.4576 22.5881 19.1913 34.9142 41.0383 36.9395 ]
D = [ 570 731 798 839 1028 1222 1365 1433 1598 1632 1716 1856 1973 2153 2235 2348 2572 2714 2804 2966 3038 3193 3244 3407 3577 3295 3110 2964 2918 2655 2593 2395 2333 2051 1935 2123 2260 2511 2644 2987 3148 2792 2539 2407 2108 1814 1508 1310 1120 1193 1293 1297 1503 1613 1727 1825 1866 1937 2129 2207 2318 2342 2528 2535 2662 2836 2975 3002 3180 3282 3267 3408 3461 3429 3311 3042 2944 2757 2765 2530 2475 2316 2145 2340 2499 2648 2838 3098 3215 2888 2680 2362 2120 1832 1580 1361 ]
