n = 20 ; 
T = 96 ; 
Init = [ 1 0 0 0 1 0 0 1 1 1 0 1 0 1 1 0 0 1 0 1 ]
L = [ 8 19 16 10 5 18 4 17 10 15 12 10 10 16 12 14 15 15 11 7 ]
l = [ 8 19 16 10 5 18 4 17 10 15 12 10 10 16 12 14 15 15 11 7 ]
Pmin = [ 108 315 297 153 87 306 59 293 146 259 181 168 174 273 204 232 252 243 179 108 ]
Pmax = [ 137 420 363 200 87 383 59 353 167 312 222 191 210 347 241 293 312 305 203 117 ]
cf = [ 32.4466 53.7054 28.0718 68.0583 18.7784 14.2026 30.9874 55.7479 43.2295 24.3109 34.3679 31.7198 29.6961 28.8716 9.2202 18.9922 40.6857 7.97957 19.3853 12.946 ]
c0 = [ 116 250 250 146 101 247 84 234 138 210 159 159 154 223 187 196 221 209 156 109 ]
cp = [ 36.4067 9.41994 17.3808 20.67 40.9101 10.2072 41.746 16.114 33.6822 17.8507 15.8923 33.5383 22.4098 16.6107 27.865 12.7974 18.0317 17.0121 28.0975 23.1514 ]
D = [ 515 670 774 879 979 1302 1392 1554 1623 1827 2028 2084 2157 2428 2628 2647 2767 2960 3153 3270 3407 3628 3627 3850 3924 3764 3661 3499 3390 3210 2924 2810 2639 2490 2334 2491 2713 2876 3049 3193 3414 3164 2921 2592 2286 2097 1819 1487 1303 1431 1587 1660 1679 1848 1986 2000 2237 2255 2452 2534 2570 2724 2827 3005 3129 3175 3373 3342 3599 3563 3681 3843 3985 3751 3570 3462 3322 3081 2909 2715 2490 2363 2129 2413 2583 2795 3160 3276 3574 3305 3033 2717 2310 2028 1778 1563 ]
