n = 20 ; 
T = 96 ; 
Init = [ 1 1 0 1 1 0 0 0 1 1 0 0 1 1 0 1 0 1 0 1 ]
L = [ 18 4 5 9 5 20 18 15 9 19 10 4 15 6 9 5 12 12 13 18 ]
l = [ 18 4 5 9 5 20 18 15 9 19 10 4 15 6 9 5 12 12 13 18 ]
Pmin = [ 300 34 57 167 55 314 306 257 117 315 129 77 240 75 135 65 202 179 228 315 ]
Pmax = [ 387 37 57 192 65 413 396 305 153 417 172 77 313 88 153 65 253 215 264 398 ]
cf = [ 23.1337 30.8666 21.554 34.0643 49.8492 64.7677 10.2163 12.6118 39.2407 10.0509 58.1205 45.2022 21.6304 40.2595 8.25438 59.3689 35.7644 58.0613 67.5215 41.1145 ]
c0 = [ 241 48 77 151 72 250 250 211 107 250 126 85 200 79 122 76 175 161 195 250 ]
cp = [ 13.296 41.3569 40.362 35.564 38.4306 9.39825 21.6582 23.1073 31.733 11.4128 31.2547 40.904 28.6609 37.5657 31.842 39.2213 31.0441 19.4832 26.4294 16.3606 ]
D = [ 679 851 899 1093 1249 1309 1472 1487 1684 1718 1934 2008 2063 2125 2267 2408 2592 2702 2783 2854 3042 3093 3265 3349 3424 3274 3151 3083 2839 2737 2617 2435 2232 2208 1947 2113 2361 2635 2704 2876 3071 2822 2693 2409 2108 1849 1593 1365 1160 1292 1414 1541 1533 1729 1755 1946 2005 2152 2283 2300 2488 2603 2686 2805 2967 3040 3172 3164 3348 3436 3528 3694 3766 3593 3461 3210 3008 2929 2731 2558 2343 2160 2008 2145 2357 2432 2653 2658 2932 2647 2353 2178 1902 1744 1422 1201 ]
