n = 20 ; 
T = 96 ; 
Init = [ 0 1 0 1 0 1 0 1 0 0 1 1 0 1 0 1 0 0 0 0 ]
L = [ 20 20 12 12 9 9 6 6 6 12 20 20 9 5 5 18 18 14 14 17 ]
l = [ 20 20 12 12 9 9 6 6 6 12 20 20 9 5 5 18 18 14 14 17 ]
Pmin = [ 315 315 182 182 134 119 96 59 59 185 315 315 127 63 63 315 315 227 232 289 ]
Pmax = [ 414 414 213 213 174 142 97 69 69 224 420 420 161 63 63 397 397 290 304 366 ]
cf = [ 46.7837 46.7837 38.4928 38.4928 10.2978 53.6191 69.3575 39.9263 39.9263 25.1996 52.5051 52.5051 16.033 48.5499 48.5499 52.4676 52.4676 56.7321 60.5447 66.758 ]
c0 = [ 250 250 157 157 122 112 105 68 68 170 250 250 123 83 83 250 250 200 201 238 ]
cp = [ 9.35945 9.35945 31.5903 31.5903 28.8981 31.3927 37.7045 36.7032 36.7032 20.6445 10.3247 10.3247 36.4616 40.2548 40.2548 12.7268 12.7268 21.7915 23.419 12.6237 ]
D = [ 695 833 1025 1029 1180 1376 1538 1666 1781 1887 2060 2091 2335 2406 2513 2670 2752 2871 3039 3139 3277 3531 3571 3809 3892 3807 3564 3440 3242 3137 3041 2873 2594 2559 2442 2482 2629 2841 3056 3186 3192 3023 2627 2500 2090 1848 1566 1287 1080 1158 1386 1448 1612 1686 1880 1908 2036 2211 2290 2353 2561 2710 2772 2863 3078 3121 3249 3393 3495 3593 3783 3920 4012 3896 3752 3572 3241 3126 2918 2819 2658 2373 2213 2443 2640 2722 3036 3057 3369 3004 2690 2452 2112 1914 1643 1395 ]
