n = 20 ; 
T = 96 ; 
Init = [ 0 0 1 1 1 1 1 1 0 0 1 1 1 0 0 0 0 0 0 1 ]
L = [ 15 18 14 12 8 9 12 8 11 14 19 8 9 18 10 10 8 7 17 15 ]
l = [ 15 18 14 12 8 9 12 8 11 14 19 8 9 18 10 10 8 7 17 15 ]
Pmin = [ 252 308 230 204 101 108 188 124 158 247 309 133 167 315 167 155 136 110 289 266 ]
Pmax = [ 316 398 291 240 116 142 213 145 203 293 407 140 187 401 209 202 151 132 385 319 ]
cf = [ 44.0604 52.5374 51.2598 36.8417 30.8101 10.6506 42.9645 15.04 33.4859 43.6352 7.96112 25.7651 16.8187 45.731 9.84978 45.8565 19.069 33.1628 63.8387 44.5557 ]
c0 = [ 223 250 201 185 103 111 165 116 144 206 249 137 154 250 158 134 131 115 244 231 ]
cp = [ 15.4139 15.814 23.3767 26.7468 29.7295 39.3958 25.9252 29.2753 31.1163 17.4191 10.3228 32.7966 33.6703 13.0373 22.9122 20.8837 36.5283 36.4002 22.923 18.833 ]
D = [ 709 864 961 1228 1367 1497 1552 1714 1841 2034 2000 2249 2355 2421 2542 2677 2821 2993 3103 3329 3399 3611 3761 3871 3991 3771 3584 3454 3138 3090 2832 2634 2428 2314 2071 2266 2543 2797 3022 3114 3428 3170 2882 2494 2349 2049 1664 1351 1207 1273 1341 1510 1570 1690 1905 1919 2142 2341 2331 2442 2580 2732 2908 3086 3071 3306 3407 3597 3648 3824 3973 4009 4083 3888 3814 3629 3319 3207 2977 2748 2575 2466 2281 2411 2666 2760 2958 3130 3298 3103 2824 2568 2399 2170 1787 1657 ]
