n = 20 ; 
T = 96 ; 
Init = [ 0 1 0 0 1 1 1 1 1 1 1 1 0 1 0 0 1 1 0 0 ]
L = [ 15 16 5 15 20 14 17 10 19 9 19 10 14 11 18 19 19 20 5 11 ]
l = [ 15 16 5 15 20 14 17 10 19 9 19 10 14 11 18 19 19 20 5 11 ]
Pmin = [ 248 272 60 265 315 218 278 175 315 145 315 161 233 170 300 315 315 315 66 182 ]
Pmax = [ 299 344 60 342 412 277 365 195 417 168 406 195 291 220 384 420 417 420 85 233 ]
cf = [ 44.7829 64.4993 68.4877 12.5655 12.031 29.6681 49.0349 47.2974 30.3601 53.5562 62.4092 8.47682 7.79747 69.4382 34.7298 13.5689 21.9444 46.0114 46.8929 68.5523 ]
c0 = [ 215 225 66 223 250 184 227 159 250 129 250 149 204 159 250 250 250 250 70 163 ]
cp = [ 20.5958 23.6332 35.3259 14.6233 11.9189 14.8819 15.5439 27.8863 10.5573 27.0321 14.1849 29.2119 21.6278 28.9727 10.8862 11.663 13.4893 8.31128 40.6496 29.0073 ]
D = [ 946 1171 1316 1429 1692 1916 2056 2167 2405 2570 2680 2757 2991 3094 3334 3428 3562 3833 3925 4054 4204 4442 4601 4835 4856 4718 4537 4410 4208 4010 3674 3436 3297 3163 2873 3032 3376 3483 3810 4005 4112 3827 3378 2998 2872 2498 2047 1669 1475 1539 1664 1813 1904 2110 2265 2364 2663 2787 2956 3107 3149 3486 3547 3704 3934 3977 4251 4318 4478 4715 4779 4909 5040 4911 4739 4532 4113 4002 3688 3415 3214 3092 2814 2965 3311 3451 3548 3816 3926 3734 3254 2948 2718 2365 2063 1686 ]
