n = 20 ; 
T = 96 ; 
Init = [ 1 0 1 0 0 0 0 0 0 0 1 1 0 1 1 1 1 0 1 0 ]
L = [ 19 19 5 5 8 17 10 16 16 18 18 6 9 9 9 9 18 18 10 15 ]
l = [ 19 19 5 5 8 17 10 16 16 18 18 6 9 9 9 9 18 18 10 15 ]
Pmin = [ 309 309 69 69 107 294 177 278 278 312 312 103 136 136 132 132 315 315 174 267 ]
Pmax = [ 407 407 81 81 121 355 211 341 341 383 383 103 173 173 166 166 387 387 205 319 ]
cf = [ 53.0646 53.0646 59.177 59.177 61.1107 47.896 53.1568 8.02977 8.02977 30.1937 30.1937 33.5129 41.4517 41.4517 67.0106 67.0106 61.9044 61.9044 31.5505 14.7793 ]
c0 = [ 250 250 73 73 104 243 153 229 229 250 250 110 132 132 119 119 250 250 162 223 ]
cp = [ 18.6756 18.6756 36.2713 36.2713 39.5159 10.8173 33.3345 23.8175 23.8175 20.1675 20.1675 38.9419 39.4283 39.4283 29.8436 29.8436 16.3308 16.3308 34.7203 16.0364 ]
D = [ 727 987 1138 1287 1453 1455 1706 1891 2089 2109 2310 2371 2650 2860 2946 3111 3306 3491 3605 3812 3912 3940 4176 4272 4413 4292 4123 3931 3631 3495 3303 3094 2871 2674 2457 2674 2942 3058 3303 3612 3783 3539 3221 2789 2600 2210 1977 1636 1406 1368 1579 1703 1892 1926 2147 2214 2454 2481 2722 2779 2985 3028 3129 3228 3482 3669 3714 3842 4019 4132 4189 4284 4473 4341 4036 3912 3607 3383 3163 2956 2751 2610 2394 2466 2829 2921 3119 3398 3575 3200 2914 2674 2401 2083 1809 1467 ]
