n = 20 ; 
T = 96 ; 
Init = [ 1 1 0 1 0 1 1 1 0 0 1 1 1 1 0 0 0 0 1 1 ]
L = [ 14 16 19 6 10 5 8 10 16 5 13 9 18 10 13 12 5 8 11 19 ]
l = [ 14 16 19 6 10 5 8 10 16 5 13 9 18 10 13 12 5 8 11 19 ]
Pmin = [ 237 278 315 75 176 69 116 170 250 76 206 140 315 178 220 204 70 136 183 315 ]
Pmax = [ 293 363 401 75 196 69 128 211 329 76 263 159 385 208 259 258 83 145 235 416 ]
cf = [ 68.0949 12.046 12.0867 60.2575 58.449 65.1252 19.1479 12.9795 59.8325 34.9922 31.955 8.79124 8.19616 23.4871 37.3868 43.3763 39.3047 54.347 7.60185 47.7737 ]
c0 = [ 197 235 250 84 161 75 110 154 205 79 190 137 250 160 188 177 77 119 171 250 ]
cp = [ 16.0763 17.2594 11.302 37.3694 24.7023 38.3243 26.9333 36.7448 11.8256 32.7743 28.9088 33.3612 15.8221 32.8414 20.9741 33.1399 40.0775 38.9027 26.6827 14.6907 ]
D = [ 850 978 1090 1213 1298 1348 1565 1668 1718 1896 1995 2062 2285 2368 2558 2550 2790 2920 2910 3025 3191 3363 3467 3507 3721 3497 3322 3261 3106 2936 2713 2607 2446 2382 2114 2383 2547 2675 2762 2857 3044 2868 2501 2218 2005 1710 1465 1208 927 1154 1143 1337 1373 1616 1639 1821 1991 2057 2227 2318 2431 2557 2664 2757 2822 3042 3009 3159 3273 3384 3582 3663 3790 3704 3472 3197 3111 2902 2734 2633 2368 2237 2046 2197 2355 2566 2780 2825 2984 2846 2458 2207 2077 1844 1568 1221 ]
