n = 20 ; 
T = 96 ; 
Init = [ 1 1 0 0 1 0 0 0 1 1 1 0 1 0 1 1 1 1 1 1 ]
L = [ 17 11 11 11 13 16 16 14 20 20 5 15 14 9 9 8 14 9 9 12 ]
l = [ 17 11 11 11 13 16 16 14 20 20 5 15 14 9 9 8 14 9 9 12 ]
Pmin = [ 289 190 190 157 221 276 276 242 315 315 65 248 216 152 152 129 232 135 135 195 ]
Pmax = [ 361 233 233 202 264 352 352 285 420 420 75 302 273 163 163 160 297 168 168 255 ]
cf = [ 45.4675 47.205 47.205 65.6393 64.8078 64.8774 64.8774 9.50401 14.9076 14.9076 52.6988 54.8423 8.50023 46.6551 46.6551 45.2631 23.3454 35.9772 35.9772 19.075 ]
c0 = [ 249 163 163 153 194 239 239 214 250 250 86 202 188 147 147 128 210 139 139 171 ]
cp = [ 17.2663 21.9895 21.9895 29.634 12.0184 18.864 18.864 15.7228 13.8458 13.8458 40.3367 15.9949 17.7255 27.92 27.92 38.5149 18.2492 29.2864 29.2864 23.0598 ]
D = [ 831 933 1158 1313 1498 1525 1680 1871 1953 2106 2296 2402 2571 2685 2986 3016 3245 3353 3506 3584 3830 3957 4078 4149 4382 4239 4055 3736 3647 3423 3272 2941 2862 2599 2465 2631 2834 3105 3125 3452 3540 3316 3126 2758 2502 2277 1981 1619 1460 1621 1610 1798 1972 2028 2133 2280 2380 2541 2615 2838 2872 3101 3137 3242 3480 3644 3636 3738 3988 4078 4200 4312 4383 4262 4042 3754 3478 3368 3046 2968 2704 2434 2228 2460 2759 2983 3235 3507 3576 3414 3043 2658 2409 2137 1730 1404 ]
