n = 20 ; 
T = 96 ; 
Init = [ 0 1 0 1 0 0 1 1 1 0 1 1 0 0 0 0 1 1 0 0 ]
L = [ 8 19 9 13 12 11 20 8 20 7 13 14 19 10 19 19 7 5 15 14 ]
l = [ 8 19 9 13 12 11 20 8 20 7 13 14 19 10 19 19 7 5 15 14 ]
Pmin = [ 103 315 140 211 221 178 315 141 315 102 225 243 315 171 308 312 108 68 265 226 ]
Pmax = [ 129 420 170 258 267 213 420 160 420 129 281 301 420 189 386 414 128 76 322 267 ]
cf = [ 19.63 16.8716 36.5758 29.2045 14.9683 11.4092 32.9154 40.5887 34.6535 19.1854 30.452 43.4355 62.5035 50.2569 40.7859 56.1996 8.97898 53.3621 27.3184 30.563 ]
c0 = [ 98 250 129 194 201 157 250 134 250 110 199 210 250 146 248 250 114 69 228 204 ]
cp = [ 35.4866 15.9078 31.1713 29.6128 25.2846 26.1865 10.2756 31.7529 10.5211 39.2071 35.3754 13.6435 8.94148 27.8183 12.0218 8.80073 38.0899 38.6173 9.94192 22.727 ]
D = [ 638 926 1101 1122 1346 1563 1644 1859 1941 2196 2366 2436 2562 2756 3005 3082 3311 3404 3540 3731 3992 4177 4220 4422 4525 4420 4281 3936 3823 3644 3366 3253 3003 2740 2685 2842 2980 2991 3202 3458 3564 3183 2944 2808 2460 2310 1892 1811 1477 1594 1706 1820 1995 2155 2351 2345 2621 2701 2839 2850 3071 3218 3415 3499 3709 3817 3858 3943 4068 4229 4420 4454 4651 4455 4165 4009 3820 3471 3351 3051 2882 2542 2419 2512 2815 2976 3126 3373 3480 3141 2969 2670 2344 2037 1687 1437 ]
