n = 20 ; 
T = 96 ; 
Init = [ 0 1 0 0 0 1 1 0 1 0 0 0 1 1 1 0 1 1 1 1 ]
L = [ 13 11 15 8 16 13 12 18 4 6 15 12 13 7 16 8 6 14 12 16 ]
l = [ 13 11 15 8 16 13 12 18 4 6 15 12 13 7 16 8 6 14 12 16 ]
Pmin = [ 220 194 237 117 286 217 196 307 34 71 231 190 222 110 277 96 64 247 199 272 ]
Pmax = [ 272 232 298 131 361 275 227 386 38 84 295 250 288 124 357 122 84 302 254 344 ]
cf = [ 46.9807 63.601 33.7956 58.8043 36.3474 52.1185 68.3403 39.171 32.9485 23.6367 68.8106 21.4025 42.6381 63.2642 8.88466 34.7413 34.3773 8.40574 32.4133 58.1573 ]
c0 = [ 198 168 213 122 248 190 185 250 52 90 196 178 193 117 233 111 69 208 177 226 ]
cp = [ 21.0168 30.1222 19.8657 33.6654 19.8932 16.3868 33.9757 13.1611 41.984 37.9779 29.5982 26.3948 14.216 29.8067 13.3241 35.4049 39.176 21.2739 29.0154 16.6815 ]
D = [ 759 914 1091 1202 1392 1526 1518 1754 1806 1867 2042 2137 2416 2510 2588 2668 2886 3007 3146 3248 3392 3429 3529 3776 3879 3761 3555 3343 3223 2960 2944 2772 2537 2398 2210 2373 2575 2760 2859 3159 3279 2993 2657 2498 2179 1968 1762 1362 1242 1357 1417 1552 1624 1633 1810 1954 2111 2104 2176 2355 2496 2559 2596 2750 2914 3080 3183 3148 3238 3442 3522 3662 3746 3602 3526 3244 3108 2921 2788 2636 2456 2450 2151 2469 2723 2853 3034 3338 3526 3183 2895 2627 2413 2055 1834 1503 ]
