n = 20 ; 
T = 96 ; 
Init = [ 0 1 0 0 1 0 0 1 0 0 1 1 1 0 0 0 0 1 1 0 ]
L = [ 17 8 16 7 11 16 8 18 18 7 14 10 18 5 10 11 11 9 8 11 ]
l = [ 17 8 16 7 11 16 8 18 18 7 14 10 18 5 10 11 11 9 8 11 ]
Pmin = [ 283 110 258 117 188 257 115 288 315 92 251 178 315 73 160 190 185 142 108 180 ]
Pmax = [ 350 140 321 131 242 323 140 383 406 112 312 209 389 73 198 222 208 166 129 209 ]
cf = [ 58.3691 21.6169 25.1646 46.3259 62.4233 49.1401 33.5021 60.7275 22.9915 56.0342 47.6488 11.8058 14.4379 31.7135 13.9526 20.5594 69.963 9.46966 54.2932 64.6939 ]
c0 = [ 245 107 225 105 159 221 123 242 250 93 206 163 250 88 141 173 160 135 113 164 ]
cp = [ 13.1343 38.9763 18.1493 34.3472 21.6884 14.026 24.2061 9.66815 10.1978 22.1234 31.7526 31.8748 11.1858 36.2948 21.5311 30.8466 29.6619 29.8066 35.0656 25.9002 ]
D = [ 605 693 907 950 1063 1260 1342 1526 1732 1872 1929 2099 2197 2327 2566 2753 2860 3002 3026 3180 3445 3486 3604 3875 3867 3700 3557 3507 3275 3174 2931 2717 2564 2392 2251 2411 2637 2779 2981 3102 3243 2918 2627 2453 2117 1923 1624 1425 1025 1127 1356 1363 1494 1675 1791 1823 1932 2006 2227 2336 2441 2481 2647 2723 2795 2912 3129 3149 3247 3391 3518 3694 3812 3572 3388 3263 3109 2957 2759 2667 2507 2257 2061 2278 2625 2791 2929 3104 3405 2979 2648 2437 2112 1836 1421 1227 ]
