n = 20 ; 
T = 96 ; 
Init = [ 1 1 1 0 1 1 1 1 0 0 0 1 1 0 0 0 1 1 1 1 ]
L = [ 17 17 17 16 14 9 17 13 15 9 5 13 20 16 15 4 10 7 18 10 ]
l = [ 17 17 17 16 14 9 17 13 15 9 5 13 20 16 15 4 10 7 18 10 ]
Pmin = [ 289 305 260 268 217 124 282 224 273 117 63 209 315 268 270 42 141 113 315 174 ]
Pmax = [ 361 382 335 331 276 156 373 265 326 135 63 265 420 318 324 42 184 129 413 206 ]
cf = [ 56.4074 45.7411 55.506 23.5821 43.1802 47.522 11.8969 48.8915 18.819 43.9645 26.6434 53.3926 19.5122 52.5771 48.0294 61.9966 56.0447 45.0993 67.675 52.4021 ]
c0 = [ 243 250 218 236 193 111 247 185 240 125 86 185 250 221 221 69 132 108 250 156 ]
cp = [ 14.2973 9.83217 16.4259 21.2617 18.667 34.5417 10.8576 30.2903 13.122 24.8302 36.4418 25.0731 8.13864 25.5952 17.8906 41.2457 27.664 33.8906 12.5116 33.4539 ]
D = [ 742 960 1057 1224 1324 1371 1610 1677 1950 2090 2217 2308 2533 2580 2773 2881 3069 3150 3348 3443 3510 3751 3828 4056 4172 4095 3786 3682 3474 3314 3239 3091 2811 2690 2567 2756 2855 2949 3257 3292 3578 3219 2941 2658 2398 1975 1657 1443 1076 1237 1489 1490 1698 1810 1958 2166 2167 2328 2611 2651 2847 2967 3146 3280 3356 3608 3677 3889 3968 4054 4306 4456 4524 4329 4150 3918 3760 3515 3419 3234 3008 2826 2500 2716 2881 3134 3220 3438 3710 3233 3038 2660 2357 2003 1617 1443 ]
