n = 20 ; 
T = 96 ; 
Init = [ 1 1 0 1 0 0 0 1 1 0 0 1 1 0 1 1 1 0 0 0 ]
L = [ 12 12 18 18 7 18 15 15 8 8 10 16 16 9 17 19 12 12 19 19 ]
l = [ 12 12 18 18 7 18 15 15 8 8 10 16 16 9 17 19 12 12 19 19 ]
Pmin = [ 202 202 315 315 109 289 252 252 121 121 143 273 273 144 283 315 198 198 315 315 ]
Pmax = [ 248 248 387 387 135 377 312 312 133 133 171 328 328 169 364 419 259 259 420 420 ]
cf = [ 50.2582 50.2582 14.7952 14.7952 15.3567 38.101 36.8584 36.8584 34.53 34.53 52.0656 7.34739 7.34739 63.5082 27.449 59.2371 54.5914 54.5914 42.0281 42.0281 ]
c0 = [ 186 186 250 250 112 249 211 211 110 110 128 224 224 127 232 250 179 179 250 250 ]
cp = [ 26.8237 26.8237 11.4399 11.4399 31.8102 9.99239 15.276 15.276 27.8301 27.8301 33.5258 27.0518 27.0518 30.7894 15.5516 9.13445 21.9732 21.9732 11.8514 11.8514 ]
D = [ 506 653 981 1107 1331 1504 1560 1878 2053 2187 2285 2452 2646 2806 2950 3236 3290 3418 3660 3907 4062 4158 4331 4532 4702 4628 4317 4235 3889 3776 3501 3339 3199 2864 2653 2971 3042 3336 3582 3872 3910 3536 3274 3002 2615 2324 1949 1657 1315 1473 1571 1746 1792 2009 2253 2386 2528 2593 2786 2792 3062 3150 3236 3378 3505 3673 3861 3951 4197 4451 4492 4569 4787 4532 4484 4176 4040 3761 3623 3391 3123 2938 2733 2951 3205 3251 3456 3705 3885 3646 3264 2860 2563 2336 1927 1610 ]
