n = 20 ; 
T = 96 ; 
Init = [ 0 1 1 1 1 1 1 0 1 1 1 1 0 0 1 1 0 0 0 0 ]
L = [ 17 8 6 19 13 13 8 18 14 11 13 9 17 4 14 6 19 9 16 14 ]
l = [ 17 8 6 19 13 13 8 18 14 11 13 9 17 4 14 6 19 9 16 14 ]
Pmin = [ 284 111 97 315 189 225 115 315 240 200 211 155 293 52 256 86 315 131 276 209 ]
Pmax = [ 356 123 113 411 251 274 150 388 318 231 266 186 391 58 303 101 420 159 341 277 ]
cf = [ 68.5113 55.7736 38.8946 69.3293 11.5038 36.4686 27.5434 20.3742 62.1534 7.47906 23.0566 21.4802 7.78567 19.8452 34.8105 54.2482 16.1021 41.2458 36.4887 44.1359 ]
c0 = [ 235 101 111 250 174 205 106 250 205 183 193 133 243 63 229 92 250 117 230 194 ]
cp = [ 13.5341 37.8424 33.3145 9.35388 28.9582 15.7467 32.2078 13.9338 34.0592 33.1572 36.3555 35.7028 14.3241 41.042 31.0731 37.2236 8.90936 36.2919 16.1807 17.8483 ]
D = [ 636 706 927 1116 1244 1388 1576 1666 1947 2038 2144 2311 2563 2648 2752 3029 3160 3259 3307 3474 3619 3913 3966 4185 4277 4183 3992 3726 3501 3329 3037 2818 2749 2523 2338 2469 2646 2908 3161 3277 3475 3178 2993 2598 2419 2184 1723 1520 1281 1274 1387 1619 1812 1863 2074 2109 2260 2267 2436 2565 2778 2867 2963 3039 3171 3360 3423 3550 3657 3804 4043 4018 4184 3996 3833 3584 3496 3136 2938 2848 2544 2333 2162 2368 2713 2881 3185 3368 3606 3408 3048 2826 2405 2203 1745 1519 ]
