n = 20 ; 
T = 96 ; 
Init = [ 1 1 1 1 1 0 1 0 0 0 1 1 1 1 1 0 0 0 1 1 ]
L = [ 13 9 9 9 12 17 7 18 18 18 15 7 12 7 13 8 4 19 14 9 ]
l = [ 13 9 9 9 12 17 7 18 18 18 15 7 12 7 13 8 4 19 14 9 ]
Pmin = [ 201 140 151 147 187 285 97 305 293 310 230 93 207 97 208 101 50 315 227 111 ]
Pmax = [ 263 167 166 185 245 360 129 368 384 391 302 107 238 109 270 124 50 410 290 145 ]
cf = [ 54.666 40.415 37.8995 50.7992 8.44875 49.6344 68.2118 56.7895 36.5124 25.1343 61.8074 8.01957 68.3992 40.7958 22.8019 63.8421 15.4635 45.4056 15.7411 66.7457 ]
c0 = [ 178 137 145 132 177 241 98 248 250 250 199 107 177 98 176 103 76 250 195 102 ]
cp = [ 22.0765 34.6669 32.4613 33.3068 17.0002 15.174 37.8967 14.1199 16.0366 11.0636 27.8867 34.6288 32.0495 29.8807 25.3168 19.869 40.1706 10.2452 19.3313 34.6561 ]
D = [ 544 712 974 997 1204 1235 1375 1543 1739 1914 1966 2103 2329 2522 2604 2798 2919 3026 3214 3259 3489 3617 3702 3841 4060 3793 3699 3460 3233 3120 2926 2703 2619 2375 2208 2337 2474 2625 2782 2804 2991 2869 2527 2266 2197 1968 1762 1502 1263 1423 1491 1498 1744 1753 1883 2024 2018 2277 2342 2443 2542 2598 2697 2809 3054 3037 3196 3370 3406 3527 3683 3714 3851 3703 3599 3361 3252 3029 2843 2719 2548 2492 2267 2399 2582 2717 3053 3120 3405 3046 2797 2420 2180 1749 1546 1270 ]
