n = 20 ; 
T = 96 ; 
Init = [ 1 1 1 0 0 1 1 0 0 1 0 0 1 0 1 1 0 1 0 0 ]
L = [ 4 11 4 12 15 7 15 9 12 11 20 8 15 15 15 17 13 4 16 7 ]
l = [ 4 11 4 12 15 7 15 9 12 11 20 8 15 15 15 17 13 4 16 7 ]
Pmin = [ 68 162 63 201 254 107 270 117 182 172 315 124 229 268 248 261 206 65 256 99 ]
Pmax = [ 68 199 63 233 324 107 344 156 232 226 420 127 297 318 327 341 274 65 332 127 ]
cf = [ 32.2155 51.9032 13.0269 45.3386 50.0329 17.9777 57.0056 50.9625 17.8421 8.26163 58.7326 9.82726 18.4664 10.9962 23.7074 10.3671 58.0182 40.71 42.7839 64.8439 ]
c0 = [ 88 141 71 171 224 114 223 116 155 162 250 111 191 234 220 222 189 73 218 94 ]
cp = [ 41.0182 18.4154 41.1232 24.8731 15.2326 29.1355 23.0989 33.6991 35.3677 28.5523 8.02417 29.9603 24.3602 17.0236 10.1235 17.4541 24.3226 37.3266 16.5203 35.9698 ]
D = [ 595 751 798 878 1070 1216 1343 1421 1630 1677 1934 2058 2208 2282 2319 2610 2651 2726 2873 3061 3169 3281 3428 3657 3774 3522 3356 3260 3037 2958 2722 2701 2479 2323 2083 2249 2435 2686 2797 3059 3224 2877 2717 2484 2246 1990 1748 1418 1301 1398 1476 1463 1552 1692 1781 1949 2011 2072 2176 2241 2387 2486 2566 2626 2830 2836 3055 3157 3247 3309 3416 3493 3557 3505 3272 3114 3030 2867 2704 2602 2439 2255 2208 2304 2431 2478 2644 2735 2911 2726 2429 2296 1945 1797 1625 1381 ]
