n = 20 ; 
T = 96 ; 
Init = [ 1 0 0 0 0 1 0 1 1 0 1 0 1 0 0 1 0 1 0 1 ]
L = [ 12 12 16 16 8 7 11 9 16 16 17 17 5 19 19 19 12 12 18 18 ]
l = [ 12 12 16 16 8 7 11 9 16 16 17 17 5 19 19 19 12 12 18 18 ]
Pmin = [ 207 207 263 263 132 93 179 137 264 264 293 293 59 315 315 315 188 188 294 294 ]
Pmax = [ 254 254 331 331 157 109 209 172 340 340 355 355 61 420 420 411 237 237 372 372 ]
cf = [ 63.3263 63.3263 38.0481 38.0481 66.0544 31.0086 52.9485 58.7243 8.73458 8.73458 51.7079 51.7079 25.8233 67.8991 67.8991 21.0811 36.4925 36.4925 25.5434 25.5434 ]
c0 = [ 175 175 219 219 136 98 152 130 225 225 242 242 70 250 250 250 176 176 247 247 ]
cp = [ 29.3705 29.3705 11.5583 11.5583 38.9722 38.6972 23.0647 19.7176 22.092 22.092 18.2283 18.2283 40.5279 17.2535 17.2535 9.9952 28.2563 28.2563 11.725 11.725 ]
D = [ 764 1003 1093 1351 1517 1692 1799 1879 2149 2350 2504 2581 2826 2913 3114 3289 3431 3471 3609 3929 3930 4159 4316 4512 4571 4412 4170 3982 3758 3586 3367 3159 2857 2784 2465 2789 2925 3175 3422 3458 3753 3522 3214 2908 2607 2344 2057 1740 1583 1704 1778 1864 1950 2043 2324 2444 2524 2592 2830 2830 2998 3149 3300 3307 3507 3709 3812 3846 4019 4094 4318 4505 4572 4447 4223 3952 3739 3684 3458 3369 3097 2817 2688 2962 3023 3210 3477 3705 3833 3475 3266 2911 2578 2180 1919 1446 ]
