n = 20 ; 
T = 96 ; 
Init = [ 0 0 1 1 0 1 1 1 1 1 1 0 0 1 0 1 1 0 1 1 ]
L = [ 7 6 15 15 10 10 12 7 7 9 18 18 6 6 6 15 15 5 5 9 ]
l = [ 7 6 15 15 10 10 12 7 7 9 18 18 6 6 6 15 15 5 5 9 ]
Pmin = [ 111 85 242 242 148 148 189 110 110 123 292 292 73 73 76 229 229 40 40 122 ]
Pmax = [ 122 94 320 320 177 177 239 122 122 150 363 363 88 88 83 298 298 52 52 156 ]
cf = [ 28.6556 42.4994 59.1116 59.1116 39.2684 39.2684 19.9738 67.3087 67.3087 24.675 54.3757 54.3757 26.2238 26.2238 16.9643 9.21284 9.21284 51.065 51.065 26.4953 ]
c0 = [ 109 85 207 207 143 143 174 105 105 114 242 242 81 81 94 207 207 49 49 116 ]
cp = [ 33.6383 37.757 18.2476 18.2476 27.3577 27.3577 29.9872 38.5468 38.5468 36.1751 18.2284 18.2284 39.4033 39.4033 37.1292 19.186 19.186 34.8574 34.8574 38.2794 ]
D = [ 507 591 734 813 960 1030 1179 1224 1328 1436 1572 1644 1794 1860 2004 2135 2186 2286 2366 2577 2660 2695 2868 2929 3073 2955 2808 2548 2410 2351 2143 2066 1853 1682 1576 1676 1872 1951 2119 2182 2392 2124 1947 1735 1557 1287 1098 864 753 836 884 1013 1095 1159 1295 1332 1465 1538 1638 1745 1857 1930 1974 2037 2151 2260 2405 2458 2597 2607 2688 2764 2924 2759 2679 2481 2393 2219 2203 1994 1943 1753 1582 1797 1988 2138 2299 2400 2532 2321 2055 1826 1596 1414 1157 949 ]
