n = 20 ; 
T = 96 ; 
Init = [ 1 1 1 1 1 0 1 0 0 0 1 0 0 1 0 1 0 0 1 1 ]
L = [ 10 13 13 14 14 8 8 18 15 19 19 8 20 20 11 12 12 8 8 20 ]
l = [ 10 13 13 14 14 8 8 18 15 19 19 8 20 20 11 12 12 8 8 20 ]
Pmin = [ 157 188 188 234 234 130 130 280 272 315 315 120 315 315 191 190 190 148 148 315 ]
Pmax = [ 180 250 250 287 287 144 144 371 336 413 413 153 420 420 230 236 236 164 164 420 ]
cf = [ 42.0529 66.2594 66.2594 53.8341 53.8341 33.3085 33.3085 54.1384 67.3726 26.4504 26.4504 40.4433 54.4705 54.4705 67.4814 47.925 47.925 27.5017 27.5017 14.7088 ]
c0 = [ 147 160 160 211 211 122 122 227 232 250 250 107 250 250 165 161 161 146 146 250 ]
cp = [ 28.5889 15.9006 15.9006 26.2746 26.2746 31.0876 31.0876 9.55883 20.1657 12.7493 12.7493 34.5602 8.83791 8.83791 26.6937 31.928 31.928 36.0942 36.0942 9.09471 ]
D = [ 1035 1128 1267 1453 1459 1684 1794 2082 2063 2311 2462 2486 2805 2798 3071 3228 3362 3365 3481 3707 3931 3963 4179 4292 4450 4340 4035 3949 3597 3498 3191 3179 2824 2717 2543 2633 2781 3155 3185 3373 3648 3390 2958 2704 2295 1992 1752 1333 1051 1314 1403 1472 1622 1817 1929 2172 2253 2341 2421 2587 2693 2881 3009 3303 3335 3466 3645 3734 3951 3986 4183 4412 4520 4285 4054 3880 3622 3546 3306 3098 2940 2854 2573 2859 3057 3386 3569 3913 3985 3722 3296 2947 2731 2294 1895 1571 ]
