n = 20 ; 
T = 96 ; 
Init = [ 0 0 1 1 1 0 0 0 1 0 0 1 1 1 0 1 0 0 1 1 ]
L = [ 13 13 7 7 11 8 10 16 16 16 16 19 19 15 15 6 18 18 8 8 ]
l = [ 13 13 7 7 11 8 10 16 16 16 16 19 19 15 15 6 18 18 8 8 ]
Pmin = [ 214 214 102 102 172 110 159 283 283 257 257 315 315 264 264 81 313 313 133 133 ]
Pmax = [ 268 268 128 128 206 145 190 338 338 315 315 418 418 313 313 95 385 385 145 145 ]
cf = [ 17.6101 17.6101 41.1174 41.1174 31.3321 31.0799 43.1855 54.2118 54.2118 7.58442 7.58442 10.395 10.395 15.5602 15.5602 17.4809 61.8078 61.8078 12.1356 12.1356 ]
c0 = [ 197 197 112 112 149 120 146 238 238 226 226 250 250 227 227 96 250 250 119 119 ]
cp = [ 23.81 23.81 24.3124 24.3124 29.053 36.2055 33.6152 11.4987 11.4987 14.1883 14.1883 8.55967 8.55967 27.6758 27.6758 38.7602 8.94534 8.94534 33.2201 33.2201 ]
D = [ 828 946 1047 1255 1350 1615 1744 1910 1952 2274 2284 2553 2731 2751 3035 3026 3181 3313 3481 3649 3775 4027 4220 4401 4439 4184 4103 3818 3669 3466 3322 3182 2946 2750 2473 2752 2855 3128 3228 3414 3663 3324 2941 2725 2447 2003 1820 1545 1225 1199 1453 1611 1700 1865 1876 1958 2174 2242 2476 2499 2679 2815 2951 3027 3274 3218 3360 3576 3639 3873 3925 4046 4212 4002 3867 3685 3524 3400 3265 3001 2916 2715 2482 2704 2886 3075 3252 3330 3653 3246 2914 2598 2394 2071 1704 1426 ]
