n = 20 ; 
T = 96 ; 
Init = [ 1 0 0 1 1 0 0 0 0 0 1 1 0 0 0 1 1 0 1 1 ]
L = [ 9 10 16 7 15 11 19 14 11 18 6 18 7 20 7 7 18 20 4 18 ]
l = [ 9 10 16 7 15 11 19 14 11 18 6 18 7 20 7 7 18 20 4 18 ]
Pmin = [ 148 168 259 103 238 178 315 231 167 296 74 301 118 315 96 103 315 315 56 313 ]
Pmax = [ 163 191 319 103 299 204 407 306 198 374 86 387 121 420 108 128 396 420 56 390 ]
cf = [ 23.0872 12.1845 39.1327 17.6348 47.942 8.3045 33.4649 27.4774 49.1355 28.3592 7.38845 30.8776 62.4614 18.1786 38.913 30.4965 39.8341 40.1669 20.6257 51.4721 ]
c0 = [ 143 154 213 98 204 157 250 207 145 246 75 240 111 250 110 111 250 250 77 250 ]
cp = [ 36.42 27.8784 19.9773 35.0561 24.8471 31.249 13.4395 23.4594 32.9617 14.2202 35.1508 11.4528 29.2062 8.18141 36.3421 29.4189 8.71526 11.0004 41.6839 11.9009 ]
D = [ 938 1115 1186 1281 1464 1610 1722 1873 1912 2146 2200 2309 2431 2654 2826 2888 3048 3104 3258 3474 3591 3721 3778 3896 3968 3807 3661 3487 3412 3163 2957 2816 2613 2533 2356 2364 2644 2793 3007 3195 3261 2982 2732 2561 2188 1978 1738 1580 1214 1456 1547 1601 1688 1970 1942 2144 2212 2407 2398 2564 2760 2779 2872 3050 3116 3230 3494 3530 3642 3798 3895 4047 4210 3918 3737 3636 3520 3289 3032 2833 2724 2625 2360 2583 2825 2963 3083 3273 3485 3190 2951 2767 2370 2104 1792 1528 ]
