n = 20 ; 
T = 96 ; 
Init = [ 1 0 1 0 0 1 0 1 1 1 0 0 0 0 0 1 0 0 0 0 ]
L = [ 5 18 15 15 10 10 19 14 15 16 6 8 19 12 10 18 4 11 10 10 ]
l = [ 5 18 15 15 10 10 19 14 15 16 6 8 19 12 10 18 4 11 10 10 ]
Pmin = [ 70 290 232 244 159 145 315 228 281 254 84 123 315 202 179 300 30 185 161 169 ]
Pmax = [ 70 379 293 313 195 189 420 282 343 321 96 158 406 251 208 389 40 218 198 186 ]
cf = [ 57.3228 55.0661 36.4845 51.4009 20.4909 22.749 68.9542 20.7045 67.847 32.8207 18.771 50.7363 50.2803 14.7776 55.049 46.6155 9.87211 11.2807 9.01585 42.0582 ]
c0 = [ 86 238 210 199 157 146 250 195 236 210 103 120 250 175 168 250 53 162 145 149 ]
cp = [ 40.9021 15.0589 20.8234 18.252 27.1065 31.3193 14.0592 18.1217 15.5951 14.305 30.6368 35.6303 11.3447 21.1891 20.3074 13.9415 41.7018 26.6677 23.4437 31.1138 ]
D = [ 630 704 942 959 1215 1262 1550 1618 1793 1943 2103 2284 2386 2589 2724 2725 2888 3115 3296 3356 3518 3675 3811 3977 4127 4009 3772 3531 3417 3103 3005 2787 2581 2390 2222 2345 2456 2831 2873 3191 3387 3114 2776 2417 2198 1846 1521 1316 943 1136 1107 1317 1473 1584 1699 1923 1954 2052 2269 2310 2439 2576 2705 2825 2982 3226 3337 3344 3554 3610 3884 3864 4080 3951 3641 3547 3246 3163 2907 2784 2581 2345 2120 2341 2667 2825 2958 3183 3489 3194 2815 2605 2316 1935 1713 1268 ]
