n = 20 ; 
T = 96 ; 
Init = [ 0 1 0 0 0 0 0 1 1 1 1 1 1 1 1 1 1 1 0 0 ]
L = [ 10 12 20 20 15 11 16 11 11 12 12 13 20 18 18 16 10 10 12 19 ]
l = [ 10 12 20 20 15 11 16 11 11 12 12 13 20 18 18 16 10 10 12 19 ]
Pmin = [ 162 214 315 315 271 164 258 170 170 182 182 222 315 315 315 271 163 163 189 315 ]
Pmax = [ 183 249 420 420 322 215 340 220 220 212 212 282 416 407 407 332 178 178 243 420 ]
cf = [ 30.8457 49.3411 32.4113 32.4113 29.3608 63.7407 45.4746 55.8631 55.8631 27.3833 27.3833 38.1023 26.8722 39.3062 39.3062 39.9535 60.3156 60.3156 16.3722 50.8414 ]
c0 = [ 138 188 250 250 222 142 220 160 160 156 156 203 250 250 250 234 142 142 162 250 ]
cp = [ 27.5057 23.3794 9.07774 9.07774 18.9659 32.8825 13.4924 37.4562 37.4562 26.9734 26.9734 18.2957 10.6365 16.7605 16.7605 13.3252 21.6428 21.6428 29.4898 8.697 ]
D = [ 841 1007 1165 1339 1533 1829 1944 2201 2220 2543 2701 2875 3015 3075 3286 3606 3709 3922 4094 4263 4377 4603 4724 5001 5149 4760 4635 4336 4138 3891 3569 3458 3204 2867 2757 3005 3273 3368 3700 4032 4276 3763 3484 3083 2674 2433 1959 1698 1350 1493 1565 1830 1866 2093 2178 2421 2562 2772 2779 3037 3155 3380 3442 3626 3718 3864 4044 4206 4436 4580 4697 4831 5084 4925 4625 4389 4109 3911 3834 3598 3387 3006 2879 2978 3315 3545 3730 3834 4118 3810 3454 3136 2679 2228 1938 1635 ]
