n = 20 ; 
T = 96 ; 
Init = [ 0 1 1 0 0 1 0 0 0 1 0 1 1 1 0 0 1 1 0 0 ]
L = [ 13 5 14 15 12 5 10 8 7 16 10 7 18 15 15 7 9 5 14 5 ]
l = [ 13 5 14 15 12 5 10 8 7 16 10 7 18 15 15 7 9 5 14 5 ]
Pmin = [ 227 88 252 263 196 42 151 118 76 267 148 94 314 232 241 85 138 50 247 58 ]
Pmax = [ 274 88 301 311 254 51 183 145 92 328 169 96 399 300 321 103 173 50 293 59 ]
cf = [ 39.8161 49.4799 31.4077 8.69645 63.8453 32.0171 26.6817 17.8449 61.38 21.2685 47.5484 56.115 28.5789 26.9444 45.7514 61.4702 61.239 37.661 21.8404 39.2425 ]
c0 = [ 206 86 218 230 174 62 149 114 89 227 137 96 250 196 204 96 130 74 222 76 ]
cp = [ 18.1715 31.2104 25.0407 18.8653 17.9427 40.0343 32.6999 35.2518 36.8426 17.5078 29.4767 31.5997 9.29809 15.9157 14.4445 35.9925 28.6727 33.9464 30.2016 33.7477 ]
D = [ 349 455 613 682 809 922 1115 1263 1335 1476 1607 1750 1879 1989 2088 2125 2295 2414 2532 2699 2716 2870 3036 3144 3262 3064 2991 2795 2628 2501 2376 2245 2106 2019 1839 1961 2123 2127 2278 2392 2562 2282 2122 2003 1714 1534 1476 1239 995 1125 1236 1316 1369 1569 1622 1689 1761 1967 2035 2161 2184 2260 2434 2490 2604 2635 2748 2910 2966 3000 3202 3263 3280 3180 2996 2890 2785 2503 2414 2206 2102 1885 1805 1986 2201 2262 2558 2606 2777 2629 2289 2114 1803 1686 1328 1179 ]
