n = 20 ; 
T = 96 ; 
Init = [ 0 1 1 0 0 0 1 1 1 0 1 1 1 1 0 0 1 1 0 0 ]
L = [ 7 8 8 19 19 14 17 17 10 13 10 10 19 14 5 20 4 4 19 19 ]
l = [ 7 8 8 19 19 14 17 17 10 13 10 10 19 14 5 20 4 4 19 19 ]
Pmin = [ 95 116 116 315 315 237 278 278 155 239 154 154 315 251 78 315 37 37 315 315 ]
Pmax = [ 122 139 139 420 420 298 366 366 175 280 190 190 413 298 93 420 42 42 420 420 ]
cf = [ 64.5804 9.37477 9.37477 33.1368 33.1368 12.4965 60.4143 60.4143 25.7972 66.5235 64.3593 64.3593 62.3171 41.458 22.2249 26.464 12.2192 12.2192 12.427 12.427 ]
c0 = [ 98 116 116 250 250 208 233 233 138 205 146 146 250 222 81 250 52 52 250 250 ]
cp = [ 26.6235 34.6557 34.6557 8.46703 8.46703 16.1718 12.2091 12.2091 26.308 13.7034 32.9182 32.9182 17.7397 25.6577 32.6658 8.87071 40.1764 40.1764 10.145 10.145 ]
D = [ 653 730 920 1124 1352 1412 1578 1829 1963 2064 2269 2297 2524 2722 2936 3099 3238 3273 3392 3725 3745 3964 4068 4310 4468 4146 3939 3747 3620 3456 3124 2907 2857 2559 2389 2659 2900 3182 3352 3571 3797 3444 3156 2881 2570 2146 1877 1548 1266 1334 1369 1517 1774 1820 2044 2146 2256 2466 2528 2735 2785 3070 3086 3178 3393 3583 3662 3856 3896 4032 4247 4388 4587 4269 4046 3927 3790 3602 3378 3175 2915 2779 2585 2629 2777 3046 3246 3364 3509 3176 2907 2701 2512 2120 1867 1560 ]
