n = 20 ; 
T = 96 ; 
Init = [ 1 0 0 1 1 1 1 0 1 0 1 1 1 1 0 0 0 1 1 1 ]
L = [ 9 20 12 20 11 14 11 7 15 6 8 14 19 13 19 8 7 7 10 17 ]
l = [ 9 20 12 20 11 14 11 7 15 6 8 14 19 13 19 8 7 7 10 17 ]
Pmin = [ 133 315 196 315 181 207 163 100 248 75 101 231 315 206 315 130 101 96 147 292 ]
Pmax = [ 163 420 250 420 206 271 198 107 300 88 130 288 416 236 420 158 126 127 178 364 ]
cf = [ 69.2515 21.1252 51.3453 25.445 19.3719 42.8113 50.2724 32.487 43.013 15.4951 9.6376 21.467 57.9212 25.0127 35.6058 41.5418 68.3566 43.3863 59.6716 30.4412 ]
c0 = [ 131 250 168 250 168 186 141 99 210 86 94 205 250 177 250 125 103 104 129 238 ]
cp = [ 26.6358 8.22107 35.317 8.77369 30.3657 15.0304 30.8194 33.8671 20.6342 39.1197 38.5179 23.2895 8.82086 15.645 8.81503 28.1372 39.1483 36.6592 26.8682 13.6883 ]
D = [ 458 571 818 1025 1037 1308 1471 1526 1703 1793 2009 2075 2364 2351 2625 2658 2807 3114 3250 3306 3465 3618 3749 3838 4037 3939 3655 3489 3440 3247 3000 2795 2743 2417 2269 2403 2698 2708 2925 3071 3199 2876 2687 2349 2041 1799 1522 1214 885 1166 1167 1419 1411 1600 1800 1953 2070 2240 2339 2483 2502 2766 2879 2939 3094 3206 3425 3539 3565 3727 3992 4058 4224 3952 3704 3528 3314 3272 2914 2739 2665 2351 2293 2493 2647 2893 3111 3247 3528 3208 2852 2693 2324 2124 1713 1543 ]
