n = 20 ; 
T = 96 ; 
Init = [ 0 0 1 0 0 0 0 1 0 0 0 1 1 1 0 1 1 1 1 1 ]
L = [ 13 13 17 14 14 9 9 5 13 13 19 19 14 7 7 16 12 12 8 10 ]
l = [ 13 13 17 14 14 9 9 5 13 13 19 19 14 7 7 16 12 12 8 10 ]
Pmin = [ 228 228 330 261 261 143 143 67 269 269 343 343 264 110 110 298 215 215 127 199 ]
Pmax = [ 266 266 375 270 270 164 164 71 289 289 402 402 287 110 110 340 245 245 135 203 ]
cf = [ 55.5867 55.5867 16.1198 61.4292 61.4292 42.7721 42.7721 30.1379 52.0554 52.0554 65.5994 65.5994 38.073 7.41291 7.41291 45.2832 55.602 55.602 57.7895 17.2409 ]
c0 = [ 184 184 245 208 208 129 129 78 203 203 244 244 208 97 97 231 166 166 109 152 ]
cp = [ 25.1441 25.1441 11.3793 18.6703 18.6703 27.2673 27.2673 41.2711 15.6029 15.6029 14.6266 14.6266 23.4548 34.3932 34.3932 10.2421 19.1602 19.1602 38.4946 35.2414 ]
D = [ 676 789 963 1199 1212 1486 1590 1670 1893 1944 2167 2273 2363 2508 2706 2904 3079 3103 3365 3453 3641 3776 3908 4024 4154 3893 3685 3551 3428 3211 2998 2688 2619 2257 2218 2238 2584 2725 2860 3106 3334 3099 2858 2583 2350 1983 1761 1559 1335 1409 1467 1683 1753 1881 1998 2054 2174 2184 2376 2518 2513 2710 2823 2944 3081 3065 3218 3375 3552 3504 3681 3746 3910 3676 3587 3439 3200 3102 2916 2660 2526 2289 2139 2371 2738 2821 3179 3377 3539 3243 2915 2585 2375 2051 1731 1368 ]
