n = 20 ; 
T = 96 ; 
Init = [ 1 1 1 1 1 1 0 0 1 0 0 1 1 0 1 1 0 0 0 1 ]
L = [ 6 19 11 13 18 8 18 5 17 17 7 19 20 8 17 16 16 19 10 15 ]
l = [ 6 19 11 13 18 8 18 5 17 17 7 19 20 8 17 16 16 19 10 15 ]
Pmin = [ 93 352 198 214 338 128 346 103 312 317 121 354 357 143 327 332 298 357 194 286 ]
Pmax = [ 102 413 223 249 373 148 383 103 356 355 121 408 417 153 371 355 341 420 199 303 ]
cf = [ 65.0223 54.6303 60.5275 51.5863 16.0054 19.1223 45.188 31.3217 9.23564 28.3838 19.9403 33.2706 24.9709 27.3974 7.26796 66.0886 7.02772 27.9823 61.4324 45.457 ]
c0 = [ 88 250 150 171 250 117 250 106 234 228 99 250 250 118 250 250 220 250 162 218 ]
cp = [ 33.2576 10.4727 24.1555 19.0075 12.8653 28.6544 14.3384 36.3709 15.5118 10.3598 33.1007 10.5072 8.49918 36.185 14.8021 26.0261 14.8859 9.22018 31.9779 21.9972 ]
D = [ 785 1030 1203 1407 1504 1648 1909 1970 2134 2365 2520 2695 2800 3122 3221 3392 3685 3830 3972 4059 4350 4477 4578 4725 4967 4839 4585 4308 4066 3889 3714 3483 3163 2988 2788 2999 3189 3254 3569 3749 3873 3667 3347 2900 2628 2234 1999 1633 1192 1344 1584 1842 1955 2133 2150 2301 2520 2736 2782 3041 3273 3353 3409 3743 3745 4019 4085 4205 4484 4643 4816 4811 5060 4796 4513 4425 4034 3771 3698 3321 3054 2848 2574 2989 3100 3412 3821 3995 4367 3833 3492 3321 2926 2484 2277 1942 ]
