n = 20 ; 
T = 96 ; 
Init = [ 1 0 1 1 0 0 0 1 0 0 1 1 1 0 0 0 0 0 1 0 ]
L = [ 9 20 6 13 17 17 17 14 14 9 9 12 18 11 11 15 5 5 12 14 ]
l = [ 9 20 6 13 17 17 17 14 14 9 9 12 18 11 11 15 5 5 12 14 ]
Pmin = [ 164 357 99 257 340 336 336 287 287 161 161 231 357 221 221 272 56 56 232 254 ]
Pmax = [ 164 420 105 264 367 378 378 310 310 161 161 235 383 234 234 317 56 56 257 278 ]
cf = [ 68.2618 66.886 59.0259 46.6045 28.6192 29.326 29.326 14.1074 14.1074 33.5963 33.5963 56.9636 69.5381 7.40605 7.40605 59.0477 57.3758 57.3758 63.6102 7.33139 ]
c0 = [ 126 250 102 189 250 242 242 223 223 128 128 179 250 165 165 202 70 70 178 190 ]
cp = [ 21.3831 9.13508 37.3765 16.2371 14.9748 17.7379 17.7379 26.181 26.181 29.6864 29.6864 27.9528 11.3173 23.2485 23.2485 21.8157 41.4189 41.4189 27.752 18.4521 ]
D = [ 617 815 1002 1034 1284 1373 1445 1691 1757 1978 1985 2239 2415 2480 2617 2830 2897 3001 3209 3295 3418 3494 3744 3806 4005 3790 3696 3445 3293 3223 2960 2853 2656 2441 2413 2456 2691 2724 2875 3038 3339 2971 2861 2627 2371 2074 1914 1586 1379 1488 1557 1771 1764 1931 1970 2242 2308 2403 2456 2657 2701 2832 2931 3043 3174 3285 3361 3546 3598 3676 3841 4018 3986 3962 3760 3591 3422 3294 3023 2821 2690 2561 2274 2584 2697 2897 3181 3435 3617 3357 3029 2659 2418 2262 1893 1670 ]
