n = 20 ; 
T = 96 ; 
Init = [ 0 1 0 0 0 1 1 0 1 1 1 0 1 0 1 1 0 0 0 0 ]
L = [ 17 4 16 8 8 5 11 11 19 19 14 14 18 15 18 5 5 12 12 12 ]
l = [ 17 4 16 8 8 5 11 11 19 19 14 14 18 15 18 5 5 12 12 12 ]
Pmin = [ 336 65 309 138 138 48 198 198 357 357 272 272 345 295 339 74 87 220 220 254 ]
Pmax = [ 384 65 344 154 154 48 215 215 417 417 308 308 384 318 388 74 87 228 228 260 ]
cf = [ 37.2527 64.2494 27.576 7.59095 7.59095 49.7596 25.1939 25.1939 41.2901 41.2901 69.1802 69.1802 54.9537 60.1194 45.3593 67.2664 44.7384 11.6921 11.6921 7.95189 ]
c0 = [ 241 78 229 110 110 51 156 156 250 250 213 213 250 224 248 81 75 182 182 202 ]
cp = [ 8.75449 41.8402 20.9347 36.0463 36.0463 39.3289 25.8773 25.8773 11.2325 11.2325 33.8207 33.8207 13.3096 16.5782 15.858 40.6293 33.1734 23.502 23.502 22.8437 ]
D = [ 793 903 1053 1179 1451 1468 1698 1864 1958 2130 2236 2441 2476 2664 2827 3061 3205 3250 3418 3466 3683 3784 3989 4139 4298 4063 3872 3719 3593 3277 3129 2914 2748 2606 2375 2538 2837 3077 3263 3330 3598 3242 3050 2706 2395 2040 1786 1475 1103 1339 1326 1543 1591 1796 1890 1992 2052 2301 2423 2528 2549 2636 2843 2905 3163 3238 3370 3396 3585 3678 3882 3838 3984 3880 3753 3490 3287 3085 3040 2798 2529 2350 2205 2428 2717 2744 2949 3177 3516 3246 2800 2564 2260 2083 1788 1438 ]
