n = 20 ; 
T = 96 ; 
Init = [ 0 1 0 0 0 0 0 0 1 0 0 1 1 0 1 1 1 1 1 0 ]
L = [ 6 13 9 16 8 6 6 20 9 7 15 13 7 8 4 7 12 13 6 16 ]
l = [ 6 13 9 16 8 6 6 20 9 7 15 13 7 8 4 7 12 13 6 16 ]
Pmin = [ 112 242 147 327 116 101 120 357 148 99 288 223 84 103 49 103 220 249 105 335 ]
Pmax = [ 112 273 162 357 129 109 120 420 158 101 301 248 92 119 53 103 230 289 112 355 ]
cf = [ 17.1005 66.6181 50.905 26.9296 7.08124 58.9903 63.2802 52.585 64.1258 17.9481 51.7958 33.1996 44.9773 11.1969 17.1904 23.5092 67.5946 19.7049 11.1196 55.029 ]
c0 = [ 103 185 122 247 109 104 97 250 132 104 214 171 78 101 52 95 182 197 87 244 ]
cp = [ 29.046 22.4012 26.8171 12.7882 33.869 37.6163 35.3653 9.26737 23.4334 30.514 23.4008 29.9001 40.6989 27.4484 39.2237 33.2634 32.492 24.193 38.5254 14.5055 ]
D = [ 338 528 552 774 859 930 989 1182 1219 1362 1513 1662 1678 1805 1980 2032 2096 2230 2308 2435 2582 2674 2760 2940 3013 2952 2803 2682 2434 2317 2174 2060 2023 1794 1655 1850 1976 2042 2184 2373 2473 2176 2063 1863 1583 1398 1141 951 784 771 879 1068 1175 1156 1366 1351 1458 1549 1765 1776 1860 2009 2158 2183 2349 2425 2425 2647 2691 2845 2867 2943 3056 2871 2768 2711 2570 2423 2276 2154 2034 1896 1728 1915 2095 2201 2412 2464 2700 2516 2241 2087 1817 1594 1366 1164 ]
