n = 20 ; 
T = 96 ; 
Init = [ 0 0 1 1 0 0 1 0 0 1 0 0 1 1 1 0 1 0 0 1 ]
L = [ 12 10 7 5 9 9 13 11 8 8 8 19 19 8 6 19 19 10 10 5 ]
l = [ 12 10 7 5 9 9 13 11 8 8 8 19 19 8 6 19 19 10 10 5 ]
Pmin = [ 235 207 114 66 160 160 241 227 146 146 145 357 357 130 106 357 357 144 144 62 ]
Pmax = [ 264 207 132 77 184 184 275 244 146 146 146 408 408 150 106 418 418 168 168 63 ]
cf = [ 55.7679 54.6836 48.5675 25.591 57.5397 57.5397 65.4001 42.1228 60.2996 60.2996 14.1427 41.9025 41.9025 42.6243 50.2152 34.0931 34.0931 9.1747 9.1747 53.9187 ]
c0 = [ 184 172 103 63 142 142 195 171 124 124 114 250 250 109 96 250 250 119 119 68 ]
cp = [ 12.7804 30.6221 33.0953 35.7685 27.3998 27.3998 18.6985 28.7603 39.1724 39.1724 32.6835 13.1684 13.1684 39.3566 34.5082 9.14368 9.14368 25.1741 25.1741 40.8511 ]
D = [ 794 926 1053 1154 1241 1283 1481 1565 1748 1889 1897 2099 2182 2235 2478 2630 2685 2791 2904 3052 3114 3317 3407 3469 3649 3476 3217 3125 2848 2811 2495 2440 2259 2105 1875 2012 2130 2329 2585 2766 2829 2713 2404 2171 1986 1645 1443 1192 976 1001 1120 1213 1313 1363 1515 1602 1670 1790 1874 1968 2193 2241 2281 2377 2508 2557 2699 2800 2939 3090 3094 3290 3325 3228 3063 2881 2803 2622 2400 2311 2211 2008 1913 2007 2260 2410 2646 2868 3039 2786 2528 2195 1890 1729 1392 1118 ]
