n = 20 ; 
T = 96 ; 
Init = [ 0 0 1 0 0 0 1 0 0 0 0 0 1 0 1 1 0 1 0 0 ]
L = [ 16 9 16 20 15 13 12 16 18 7 15 9 18 17 7 12 18 17 9 4 ]
l = [ 16 9 16 20 15 13 12 16 18 7 15 9 18 17 7 12 18 17 9 4 ]
Pmin = [ 295 174 322 357 302 253 203 288 318 108 285 181 343 331 120 235 345 345 144 59 ]
Pmax = [ 335 174 357 414 330 264 220 333 364 112 321 195 393 388 120 237 374 374 153 59 ]
cf = [ 61.1198 39.1751 35.7928 14.5203 42.274 8.93162 13.5039 30.0093 60.2862 39.1675 20.6455 61.7741 47.7106 7.80517 26.2322 42.4573 11.5453 23.5221 51.1202 60.6841 ]
c0 = [ 210 135 245 250 235 184 171 208 242 98 211 138 248 250 97 193 250 250 115 57 ]
cp = [ 22.5283 37.5938 16.2879 8.21796 19.4183 22.9007 26.7801 26.4969 13.0272 33.7159 20.1538 24.274 8.88972 19.6064 32.9264 20.8013 13.344 10.4851 26.2089 41.0428 ]
D = [ 957 915 1188 1290 1380 1626 1697 1921 1952 2158 2268 2394 2616 2779 2799 2952 3260 3413 3521 3699 3708 3868 4150 4198 4448 4216 3892 3870 3617 3315 3270 3023 2738 2617 2326 2657 2899 3205 3411 3741 4108 3687 3408 3055 2856 2451 2106 1865 1497 1724 1705 1841 1938 2092 2373 2364 2464 2693 2797 2971 3103 3267 3410 3371 3673 3670 3930 3925 4166 4188 4303 4458 4658 4499 4226 4010 3758 3475 3209 3000 2813 2602 2398 2618 2869 3051 3335 3555 3631 3371 3115 2878 2447 2203 2001 1537 ]
