n = 20 ; 
T = 96 ; 
Init = [ 0 0 0 0 1 1 0 1 1 0 0 0 0 1 0 1 0 1 0 1 ]
L = [ 9 11 14 18 18 12 7 11 9 15 17 16 11 19 10 15 18 10 20 8 ]
l = [ 9 11 14 18 18 12 7 11 9 15 17 16 11 19 10 15 18 10 20 8 ]
Pmin = [ 147 179 275 335 357 237 109 186 164 296 308 319 195 357 199 287 339 169 357 149 ]
Pmax = [ 172 209 301 389 408 246 110 211 164 313 351 362 222 412 203 332 393 185 420 163 ]
cf = [ 23.8496 19.7116 64.0337 35.7609 37.0842 50.2211 45.0964 47.521 9.32375 63.0095 66.7521 9.59493 34.018 17.2401 33.561 39.1995 25.0601 56.803 60.8005 8.54862 ]
c0 = [ 114 147 202 244 250 175 98 147 141 212 224 242 148 250 168 220 250 137 250 128 ]
cp = [ 29.5575 19.2446 31.1577 14.591 13.3446 28.0178 30.0785 28.208 30.5084 28.874 14.9705 25.0827 24.8774 10.8334 24.8334 15.0584 8.77112 25.2493 10.1626 37.0309 ]
D = [ 1001 1162 1309 1363 1634 1716 1908 2166 2186 2492 2548 2817 2900 3170 3314 3367 3649 3812 3945 3966 4183 4334 4515 4629 4793 4604 4487 4092 3834 3756 3357 3251 2965 2756 2541 2672 3102 3226 3451 3738 4004 3723 3510 3090 2710 2479 2154 1687 1428 1675 1782 1924 2090 2045 2377 2501 2504 2767 2847 3089 3174 3318 3511 3651 3748 3749 3882 4031 4357 4403 4503 4725 4778 4582 4330 4198 3931 3629 3461 3348 2945 2742 2629 2712 2988 3321 3591 3730 3978 3594 3240 2838 2457 2154 1751 1531 ]
