n = 20 ; 
T = 96 ; 
Init = [ 0 0 0 1 1 0 0 0 1 1 1 0 1 0 1 1 0 0 1 1 ]
L = [ 9 9 14 14 5 5 17 5 5 9 14 14 5 5 14 14 15 19 19 17 ]
l = [ 9 9 14 14 5 5 17 5 5 9 14 14 5 5 14 14 15 19 19 17 ]
Pmin = [ 172 172 272 272 70 70 317 71 71 144 285 285 103 103 239 239 280 357 357 357 ]
Pmax = [ 172 172 289 289 72 72 370 72 72 151 315 315 103 103 272 272 326 420 420 385 ]
cf = [ 32.6701 32.6701 53.0645 53.0645 54.9157 54.9157 66.8134 23.3608 23.3608 38.2382 34.5167 34.5167 56.7982 56.7982 20.1243 20.1243 50.6562 45.3921 45.3921 53.2773 ]
c0 = [ 142 142 197 197 79 79 235 72 72 133 221 221 96 96 195 195 200 250 250 250 ]
cp = [ 28.4015 28.4015 21.554 21.554 41.2022 41.2022 19.2989 40.4748 40.4748 31.067 9.16432 9.16432 39.227 39.227 21.1374 21.1374 22.2945 11.1182 11.1182 10.6155 ]
D = [ 492 666 819 819 949 1220 1327 1512 1619 1758 1996 2142 2272 2400 2448 2659 2773 3012 3060 3255 3323 3516 3732 3770 3884 3697 3551 3385 3296 2962 2898 2695 2388 2331 2150 2193 2457 2602 2852 2907 3214 2970 2608 2481 2219 1928 1697 1571 1251 1380 1409 1575 1745 1796 1890 1913 2088 2166 2239 2375 2459 2566 2788 2839 3019 3117 3128 3302 3276 3399 3549 3641 3770 3597 3462 3235 3053 3049 2777 2657 2505 2327 2098 2316 2388 2623 2758 2900 3107 2826 2616 2248 2139 1875 1623 1419 ]
