n = 20 ; 
T = 96 ; 
Init = [ 0 1 1 1 0 0 1 1 0 1 1 1 1 0 0 0 1 1 0 0 ]
L = [ 19 7 8 8 18 18 18 5 5 13 13 7 7 7 7 15 4 4 8 18 ]
l = [ 19 7 8 8 18 18 18 5 5 13 13 7 7 7 7 15 4 4 8 18 ]
Pmin = [ 357 113 119 119 357 357 353 54 54 249 249 122 122 108 108 283 71 71 154 343 ]
Pmax = [ 420 128 119 119 402 402 404 54 54 267 267 122 122 124 124 295 71 71 154 380 ]
cf = [ 34.4924 37.3368 25.931 25.931 8.05048 8.05048 29.0375 44.914 44.914 16.8694 16.8694 22.4431 22.4431 49.7407 49.7407 51.6683 56.2608 56.2608 61.8397 59.3846 ]
c0 = [ 250 95 103 103 250 250 250 68 68 192 192 110 110 101 101 210 66 66 122 250 ]
cp = [ 10.3974 35.837 18.9945 18.9945 10.9685 10.9685 10.9488 39.5545 39.5545 26.9439 26.9439 35.2184 35.2184 32.6981 32.6981 23.9932 41.2659 41.2659 27.0221 12.8219 ]
D = [ 444 609 767 882 937 1065 1168 1376 1477 1538 1648 1787 1929 2052 2255 2255 2389 2604 2745 2772 2881 3118 3103 3236 3424 3235 3092 2910 2841 2598 2505 2273 2220 2015 1924 1951 2194 2231 2491 2566 2688 2567 2290 2065 1797 1600 1399 1142 957 1030 1061 1156 1240 1391 1572 1568 1780 1884 1981 1996 2163 2293 2262 2473 2573 2624 2669 2875 2875 3068 3085 3262 3334 3222 2980 2852 2760 2626 2510 2300 2137 1952 1884 2004 2168 2333 2495 2623 2791 2573 2387 2097 1908 1738 1411 1221 ]
