n = 20 ; 
T = 96 ; 
Init = [ 0 0 0 1 1 0 0 1 1 1 1 1 0 1 1 0 1 0 0 0 ]
L = [ 14 10 18 9 4 18 18 7 13 13 5 10 12 16 20 5 19 5 11 17 ]
l = [ 14 10 18 9 4 18 18 7 13 13 5 10 12 16 20 5 19 5 11 17 ]
Pmin = [ 272 171 346 123 50 357 357 131 261 248 48 192 197 337 357 76 357 66 200 320 ]
Pmax = [ 299 180 402 143 50 415 398 131 274 285 48 210 213 359 420 76 417 66 200 352 ]
cf = [ 36.8975 23.1361 66.4937 66.6978 18.5735 36.408 35.3578 66.0118 34.9546 35.3567 42.1654 14.7747 35.4506 16.6337 65.8217 30.336 13.0062 32.1211 15.6338 14.1391 ]
c0 = [ 210 130 250 117 71 250 250 121 188 192 54 155 150 244 250 69 250 68 167 239 ]
cp = [ 29.3139 27.8884 8.7933 31.8329 41.999 13.6732 11.8727 31.3428 30.1091 14.1837 33.559 27.1307 31.496 13.749 8.17956 38.6251 9.98815 38.8899 24.7169 12.1349 ]
D = [ 844 963 1132 1272 1312 1608 1732 1732 1972 2097 2140 2250 2372 2503 2704 2827 2978 3101 3103 3199 3463 3544 3590 3729 3943 3693 3516 3320 3304 3033 2939 2657 2561 2330 2244 2440 2576 2866 3118 3189 3479 3155 2899 2692 2374 2014 1806 1513 1107 1297 1409 1507 1687 1771 1840 1918 2075 2211 2359 2454 2490 2626 2829 2946 2943 3189 3207 3346 3439 3535 3641 3839 3831 3818 3646 3299 3250 2960 2883 2721 2507 2248 2069 2323 2616 2795 3013 3168 3550 3126 2948 2575 2354 2084 1897 1559 ]
