n = 20 ; 
T = 96 ; 
Init = [ 0 0 0 0 0 1 0 0 1 1 1 0 1 0 0 1 0 0 0 0 ]
L = [ 18 17 12 4 13 18 10 12 12 15 4 16 17 14 5 13 16 11 15 15 ]
l = [ 18 17 12 4 13 18 10 12 12 15 4 16 17 14 5 13 16 11 15 15 ]
Pmin = [ 333 287 212 74 226 357 157 208 222 305 55 324 323 293 82 226 328 183 300 269 ]
Pmax = [ 382 337 223 74 262 401 177 243 252 338 55 353 358 309 82 261 353 190 337 296 ]
cf = [ 19.5984 60.0604 58.5343 54.276 52.4836 22.1481 61.8561 40.8066 61.1104 23.393 9.88277 30.0004 63.6283 41.3777 9.79688 40.6851 66.1745 25.9286 57.936 35.6796 ]
c0 = [ 245 219 167 82 179 250 126 159 174 219 67 245 230 212 83 170 250 152 218 196 ]
cp = [ 11.4273 15.2871 27.2106 41.6199 27.8833 12.3489 20.2911 19.3277 24.9969 23.1287 40.2592 20.9197 11.8367 20.4106 40.5881 16.6771 21.502 16.2707 16.9411 14.0463 ]
D = [ 719 873 973 1122 1380 1462 1625 1813 1890 2040 2223 2401 2478 2596 2837 2993 3069 3372 3437 3640 3845 4006 4092 4172 4432 4290 4005 3706 3534 3308 3210 3070 2844 2691 2350 2640 2826 3102 3230 3534 3610 3424 3017 2672 2450 2130 1786 1485 992 1263 1407 1413 1599 1838 1872 2031 2176 2271 2403 2594 2743 2952 3117 3133 3257 3514 3587 3656 3831 4080 4251 4236 4467 4313 4102 3875 3597 3396 3261 2987 2721 2589 2377 2549 2715 2985 3176 3346 3375 3097 2859 2631 2421 2012 1855 1434 ]
