n = 20 ; 
T = 96 ; 
Init = [ 0 1 1 1 0 1 1 0 0 1 1 0 1 0 0 0 1 0 0 0 ]
L = [ 14 15 8 20 19 13 17 15 12 20 5 16 12 11 10 10 8 16 4 19 ]
l = [ 14 15 8 20 19 13 17 15 12 20 5 16 12 11 10 10 8 16 4 19 ]
Pmin = [ 251 256 138 357 357 238 310 299 196 357 54 306 226 187 177 191 102 304 69 357 ]
Pmax = [ 272 300 138 420 415 260 341 317 213 420 60 337 243 201 192 216 118 338 69 420 ]
cf = [ 52.5812 30.3553 35.4421 25.2643 59.8846 61.5442 38.5815 63.0279 29.2898 34.6584 67.9775 33.1096 45.093 21.1485 64.6146 20.8559 25.4 29.9479 8.28388 67.599 ]
c0 = [ 183 189 114 250 250 175 230 230 161 250 61 222 187 160 153 152 95 226 69 250 ]
cp = [ 24.7769 21.1888 34.5082 8.29754 12.0524 27.3766 14.1976 21.0635 14.8226 8.48659 40.8895 12.0901 24.0021 24.0731 36.3927 32.8176 24.5552 19.7872 41.837 9.7674 ]
D = [ 552 818 970 1100 1325 1403 1501 1658 1751 2013 2082 2375 2371 2516 2705 2912 2965 3241 3290 3464 3679 3788 3976 4206 4248 4083 3843 3746 3557 3330 3228 3008 2701 2599 2357 2503 2706 2986 3137 3281 3476 3241 2835 2571 2329 1960 1752 1411 1059 1206 1382 1569 1665 1739 1926 1983 2143 2300 2434 2680 2785 2873 2938 3131 3375 3393 3590 3711 3824 4064 4056 4302 4445 4276 4068 3885 3704 3427 3392 3040 2966 2775 2472 2703 2989 3082 3232 3344 3456 3363 2956 2797 2460 2173 1874 1642 ]
