n = 20 ; 
T = 96 ; 
Init = [ 1 1 0 1 1 1 1 1 0 1 0 0 1 0 1 1 1 1 1 1 ]
L = [ 6 18 18 15 15 7 7 16 15 15 10 11 7 7 14 13 13 17 12 6 ]
l = [ 6 18 18 15 15 7 7 16 15 15 10 11 7 7 14 13 13 17 12 6 ]
Pmin = [ 100 346 346 288 268 138 138 292 277 277 189 222 100 100 274 231 231 312 230 85 ]
Pmax = [ 100 368 368 314 304 139 139 334 321 321 206 225 106 106 293 261 261 354 250 85 ]
cf = [ 37.6453 49.9048 49.9048 24.316 57.4616 19.3686 19.3686 48.857 67.5454 67.5454 54.9802 50.3005 54.4456 54.4456 25.2252 13.2125 13.2125 28.9211 25.8962 7.46916 ]
c0 = [ 93 250 250 205 212 115 115 213 207 207 156 184 105 105 202 186 186 242 186 76 ]
cp = [ 36.5717 9.92157 9.92157 22.8024 14.2974 31.1214 31.1214 14.1393 20.6664 20.6664 19.1249 30.787 36.5317 36.5317 26.8448 23.0406 23.0406 15.8401 30.7414 39.5281 ]
D = [ 585 819 900 1034 1223 1317 1357 1581 1780 1914 2030 2135 2322 2402 2494 2692 2868 2926 3169 3158 3341 3522 3666 3829 3998 3678 3522 3423 3219 3076 3000 2773 2548 2415 2184 2355 2523 2717 2974 3203 3393 2982 2711 2483 2193 1874 1529 1276 913 1170 1233 1269 1537 1670 1669 1784 2009 2126 2184 2266 2497 2550 2621 2692 2823 2946 3030 3218 3359 3504 3514 3626 3894 3651 3543 3394 3218 3045 2810 2705 2493 2204 2194 2339 2626 2703 3023 3239 3315 3077 2758 2449 2324 1958 1601 1312 ]
