n = 20 ; 
T = 96 ; 
Init = [ 0 0 1 1 1 0 1 1 1 0 1 1 1 0 1 0 1 0 0 1 ]
L = [ 8 8 19 7 10 10 16 20 20 14 18 11 11 5 19 18 12 15 15 12 ]
l = [ 8 8 19 7 10 10 16 20 20 14 18 11 11 5 19 18 12 15 15 12 ]
Pmin = [ 140 140 355 126 183 183 314 357 357 254 357 179 179 50 357 352 221 279 279 204 ]
Pmax = [ 142 142 413 126 196 196 364 417 417 294 401 206 206 50 420 382 221 307 307 223 ]
cf = [ 21.8285 21.8285 51.6753 62.5451 21.1872 21.1872 21.2649 26.0546 26.0546 7.75137 62.5563 36.5944 36.5944 46.0565 64.1743 51.2398 11.5789 19.4891 19.4891 67.7855 ]
c0 = [ 115 115 250 107 143 143 238 250 250 187 250 148 148 63 250 250 176 217 217 165 ]
cp = [ 32.3716 32.3716 8.79996 35.3251 27.3144 27.3144 18.3246 8.16054 8.16054 21.1051 15.272 28.9015 28.9015 41.4974 11.4607 17.1213 27.6101 9.05677 9.05677 22.5635 ]
D = [ 753 896 1113 1354 1485 1571 1648 1874 1994 2141 2367 2502 2590 2790 2843 3161 3219 3431 3423 3706 3871 4031 4084 4344 4425 4252 4055 3807 3589 3561 3345 3057 3022 2674 2478 2806 2977 3090 3296 3637 3748 3521 3138 2878 2501 2222 1931 1463 1165 1323 1466 1695 1841 1921 2117 2219 2268 2360 2612 2699 2780 2963 3024 3222 3414 3419 3732 3810 3946 4112 4127 4298 4487 4232 3984 3923 3648 3513 3330 3137 3027 2852 2555 2848 3010 3166 3428 3705 3820 3480 3190 2932 2642 2278 2085 1653 ]
