n = 20 ; 
T = 96 ; 
Init = [ 1 1 1 0 0 1 0 1 1 1 1 1 1 0 0 0 1 1 1 1 ]
L = [ 12 14 14 5 17 17 4 5 15 6 8 7 7 5 11 11 19 5 5 5 ]
l = [ 12 14 14 5 17 17 4 5 15 6 8 7 7 5 11 11 19 5 5 5 ]
Pmin = [ 231 267 267 83 322 322 69 73 309 113 127 129 129 82 190 190 357 59 59 88 ]
Pmax = [ 233 302 302 83 355 355 69 73 324 113 144 129 129 82 208 208 395 68 68 88 ]
cf = [ 45.8512 8.30437 8.30437 40.0739 26.8397 26.8397 10.4751 16.9956 49.3197 64.5994 31.2977 38.659 38.659 18.1809 66.8353 66.8353 64.1873 59.5684 59.5684 42.7168 ]
c0 = [ 181 201 201 87 241 241 65 71 239 113 106 116 116 88 147 147 250 69 69 93 ]
cp = [ 17.7788 18.5693 18.5693 40.0494 9.25732 9.25732 38.1067 38.5557 22.0108 33.6269 29.3393 36.4579 36.4579 38.8255 33.8717 33.8717 11.1409 37.074 37.074 39.1171 ]
D = [ 342 471 536 623 833 864 1014 1145 1243 1231 1461 1440 1630 1758 1800 1872 1957 2102 2168 2377 2486 2471 2691 2727 2899 2687 2615 2508 2411 2274 2192 1976 1865 1744 1646 1874 1914 2094 2217 2251 2450 2254 1984 1824 1653 1456 1265 1077 862 924 1062 1146 1117 1263 1364 1445 1490 1623 1707 1746 1895 1956 2051 2129 2196 2207 2367 2433 2504 2566 2656 2726 2925 2693 2606 2577 2458 2283 2238 2083 2019 1893 1737 1957 2023 2147 2364 2523 2695 2409 2287 2021 1845 1600 1327 1134 ]
