n = 20 ; 
T = 96 ; 
Init = [ 1 1 1 0 1 0 1 1 1 1 0 0 0 0 0 1 0 0 0 0 ]
L = [ 15 14 11 5 12 6 18 19 18 19 10 15 14 14 5 17 13 17 18 17 ]
l = [ 15 14 11 5 12 6 18 19 18 19 10 15 14 14 5 17 13 17 18 17 ]
Pmin = [ 286 240 209 81 207 62 330 346 357 357 191 292 270 247 50 345 218 346 331 334 ]
Pmax = [ 323 275 219 81 234 71 378 406 404 420 205 315 299 282 50 378 247 382 383 388 ]
cf = [ 47.1843 7.02797 35.5221 13.4742 19.9685 64.5654 57.6206 35.6574 40.3425 68.3311 42.9961 63.1613 69.8994 67.1364 8.16954 16.4849 34.4365 50.9378 30.3917 59.3758 ]
c0 = [ 212 175 162 74 157 70 247 247 250 250 144 224 199 194 55 250 177 250 245 250 ]
cp = [ 14.6917 14.3152 24.9977 39.7159 24.9985 37.4195 24.1631 9.35779 16.0828 8.85524 35.2576 22.6331 24.844 22.3365 38.7356 15.6168 33.1689 17.5424 16.0457 8.45847 ]
D = [ 981 1086 1323 1300 1430 1719 1884 1878 2051 2354 2370 2480 2760 2915 3041 3203 3272 3466 3650 3711 3918 4131 4251 4302 4445 4326 4236 3970 3666 3671 3436 3251 2998 2851 2707 2818 2980 3234 3403 3588 3782 3532 3178 2791 2546 2382 2007 1682 1341 1425 1598 1896 1867 2175 2357 2521 2570 2756 2856 2946 3176 3406 3464 3540 3745 4006 4083 4343 4343 4551 4659 4799 4937 4844 4563 4271 4070 3820 3555 3218 3113 2869 2677 2826 2961 3234 3395 3639 3734 3365 3282 2977 2686 2296 2128 1677 ]
