n = 20 ; 
T = 96 ; 
Init = [ 1 1 1 1 1 1 1 1 0 0 0 0 0 1 0 0 1 0 1 1 ]
L = [ 11 17 20 10 11 12 5 17 20 14 19 17 13 20 16 8 15 14 8 18 ]
l = [ 11 17 20 10 11 12 5 17 20 14 19 17 13 20 16 8 15 14 8 18 ]
Pmin = [ 190 327 357 184 202 225 75 314 357 270 357 314 237 357 318 138 310 285 159 337 ]
Pmax = [ 194 349 420 193 202 235 75 354 420 282 420 364 271 420 335 139 336 319 159 387 ]
cf = [ 17.3489 54.9431 26.4396 30.44 59.6954 24.5047 67.6201 41.3749 50.2041 57.8032 57.4681 16.0736 39.0757 44.4163 8.05701 20.2021 51.0911 42.1456 55.192 52.772 ]
c0 = [ 152 246 250 157 165 167 79 234 250 199 250 239 176 250 232 110 221 210 132 241 ]
cp = [ 30.3189 18.4062 8.42824 18.5593 28.0697 29.2648 41.1866 13.6991 9.5269 16.4422 10.883 16.7664 28.1682 8.98423 19.1166 33.478 21.4803 14.8422 29.8755 13.6481 ]
D = [ 1056 1058 1235 1420 1677 1792 1977 2146 2381 2580 2631 2962 3092 3272 3415 3571 3749 3967 4203 4182 4492 4552 4855 4917 5240 4903 4569 4431 4287 4058 3698 3526 3343 2986 2827 3011 3315 3451 3848 3995 4375 4016 3685 3168 2815 2454 2138 1789 1356 1588 1678 1909 2048 2021 2348 2497 2569 2746 2952 3125 3165 3293 3507 3639 3684 4002 4032 4309 4451 4555 4632 4785 4946 4886 4499 4401 4169 3974 3664 3388 3274 2900 2703 3042 3174 3400 3735 4004 4256 3850 3562 3125 2913 2469 2229 1910 ]
