n = 20 ; 
T = 96 ; 
Init = [ 1 0 0 1 1 1 0 1 0 1 1 0 0 0 0 0 1 0 0 1 ]
L = [ 4 18 18 17 17 19 8 8 9 9 12 10 10 7 7 13 17 17 10 16 ]
l = [ 4 18 18 17 17 19 8 8 9 9 12 10 10 7 7 13 17 17 10 16 ]
Pmin = [ 49 357 357 340 340 357 128 128 168 168 227 168 168 107 107 243 346 346 209 297 ]
Pmax = [ 49 414 414 366 366 399 133 133 170 170 238 184 184 107 107 260 370 370 210 328 ]
cf = [ 55.9309 33.2167 33.2167 23.2875 23.2875 28.0008 63.1087 63.1087 39.6092 39.6092 36.1237 17.2263 17.2263 14.4269 14.4269 54.8668 50.7073 50.7073 27.8803 43.2951 ]
c0 = [ 55 250 250 249 249 250 114 114 145 145 180 140 140 95 95 198 245 245 173 227 ]
cp = [ 41.3762 8.99188 8.99188 15.1642 15.1642 11.6711 36.7224 36.7224 32.4993 32.4993 20.0509 35.9958 35.9958 31.2363 31.2363 18.6404 11.9121 11.9121 21.5086 19.3565 ]
D = [ 610 672 843 1043 1171 1321 1414 1476 1780 1886 2049 2103 2199 2307 2535 2566 2845 3007 3082 3287 3361 3521 3694 3837 3879 3687 3542 3383 3261 3089 3058 2908 2661 2482 2395 2485 2667 2881 3079 3246 3611 3142 2897 2527 2213 1876 1583 1228 899 1163 1187 1347 1436 1636 1827 1896 2036 2229 2386 2500 2575 2812 2913 3009 3066 3323 3407 3494 3640 3854 3944 4069 4124 4042 3856 3738 3504 3260 3127 2957 2661 2600 2456 2481 2669 2948 3091 3284 3440 3104 2775 2551 2136 1957 1512 1202 ]
