n = 20 ; 
T = 96 ; 
Init = [ 1 0 0 1 0 0 1 0 0 1 1 0 1 1 0 0 1 1 1 1 ]
L = [ 11 11 19 19 20 14 14 7 19 19 17 17 6 6 17 17 17 19 5 5 ]
l = [ 11 11 19 19 20 14 14 7 19 19 17 17 6 6 17 17 17 19 5 5 ]
Pmin = [ 178 178 357 357 357 264 264 93 357 357 339 339 78 78 293 293 330 357 71 71 ]
Pmax = [ 208 208 420 420 420 299 299 99 391 391 387 387 78 78 337 337 383 420 71 71 ]
cf = [ 11.1903 11.1903 30.0489 30.0489 65.9729 11.5847 11.5847 46.0508 10.708 10.708 18.9991 18.9991 63.2715 63.2715 67.8765 67.8765 28.1619 22.343 40.8127 40.8127 ]
c0 = [ 147 147 250 250 250 207 207 89 250 250 249 249 91 91 216 216 241 250 73 73 ]
cp = [ 22.8486 22.8486 15.8451 15.8451 8.10134 25.7505 25.7505 32.2439 11.4728 11.4728 14.2612 14.2612 40.5179 40.5179 17.8768 17.8768 15.8932 8.88022 38.8699 38.8699 ]
D = [ 546 695 1005 1014 1342 1412 1512 1693 1883 2012 2308 2379 2536 2770 2857 3092 3305 3454 3452 3781 3798 3911 4230 4238 4579 4406 4079 3981 3765 3545 3520 3259 3027 2939 2737 2836 3031 3355 3473 3697 3988 3512 3341 2899 2707 2250 1881 1741 1360 1478 1540 1773 1955 2097 2081 2221 2517 2630 2718 2893 2983 3184 3359 3575 3697 3689 3999 3967 4107 4296 4391 4607 4748 4449 4364 4141 3980 3601 3540 3251 3059 2706 2506 2786 3076 3151 3428 3660 3916 3634 3185 2884 2660 2454 2015 1771 ]
