n = 20 ; 
T = 96 ; 
Init = [ 0 0 0 1 1 0 0 1 1 0 1 0 0 1 0 1 1 0 1 0 ]
L = [ 5 5 7 9 6 19 12 7 20 16 10 13 16 8 14 17 17 17 10 8 ]
l = [ 5 5 7 9 6 19 12 7 20 16 10 13 16 8 14 17 17 17 10 8 ]
Pmin = [ 91 55 78 180 91 357 198 88 357 296 177 248 336 126 264 296 327 345 148 130 ]
Pmax = [ 91 55 91 190 91 412 231 100 420 334 177 275 367 146 302 347 369 382 162 130 ]
cf = [ 68.4856 18.7282 24.116 49.7889 21.7653 38.5187 52.4655 47.8612 14.1924 9.45207 25.9071 9.16042 30.3201 62.7458 59.7433 30.4782 28.314 65.7734 11.5923 36.4963 ]
c0 = [ 98 62 82 153 78 250 149 91 250 213 149 201 248 116 202 213 240 250 119 122 ]
cp = [ 38.5265 39.5183 33.7553 34.5449 38.2232 14.2248 28.3398 28.4723 8.42634 16.9283 24.81 28.3716 22.9759 32.3031 24.8639 22.8861 17.2594 11.4974 29.8146 37.0184 ]
D = [ 359 612 802 889 1072 1206 1311 1360 1508 1682 1826 2019 2231 2362 2465 2494 2670 2897 2983 3076 3295 3472 3560 3710 3911 3758 3529 3379 3170 2958 2801 2676 2574 2296 2114 2386 2601 2714 2893 3114 3259 3004 2671 2450 2185 1812 1648 1246 1074 1088 1347 1411 1532 1636 1827 1900 2013 2073 2211 2381 2425 2497 2716 2876 2962 3065 3204 3304 3343 3530 3634 3740 3861 3708 3500 3374 3209 2891 2849 2618 2367 2297 2013 2269 2349 2472 2684 2761 2997 2817 2535 2285 1891 1711 1504 1249 ]
