n = 20 ; 
T = 96 ; 
Init = [ 1 1 1 0 1 1 1 1 0 1 0 1 0 0 0 1 0 1 1 1 ]
L = [ 11 9 13 5 17 8 7 11 6 8 10 6 20 16 8 10 5 14 19 8 ]
l = [ 11 9 13 5 17 8 7 11 6 8 10 6 20 16 8 10 5 14 19 8 ]
Pmin = [ 189 159 244 42 326 139 132 220 95 107 167 88 357 327 133 151 56 246 357 156 ]
Pmax = [ 220 185 250 44 357 139 132 220 99 119 183 88 420 365 133 175 61 268 410 156 ]
cf = [ 35.55 48.4239 38.1352 32.2779 16.5957 32.3182 35.9834 24.5322 65.3805 67.298 8.82958 39.6253 63.2554 7.03429 42.3837 55.506 13.5804 62.9373 63.7288 34.7714 ]
c0 = [ 154 142 198 47 249 111 111 164 88 103 143 85 250 246 117 124 62 184 250 134 ]
cp = [ 27.2822 29.0662 20.5744 41.25 18.6376 35.7274 30.6658 20.4283 40.2496 37.9018 24.9398 40.0706 8.80258 27.0995 36.2472 27.6826 32.6333 18.318 10.4011 28.0346 ]
D = [ 546 691 801 907 1063 1070 1153 1338 1466 1535 1685 1704 1926 1905 2018 2244 2234 2417 2553 2559 2678 2845 2898 2987 3155 3046 2911 2709 2627 2553 2363 2284 2103 1914 1833 1968 2090 2252 2320 2461 2584 2500 2213 2111 1898 1615 1488 1300 991 1065 1229 1341 1413 1507 1525 1655 1691 1763 1845 1968 2091 2173 2282 2287 2446 2560 2553 2686 2716 2810 2933 3027 3054 2979 2855 2772 2609 2492 2283 2267 2136 2005 1870 1979 2110 2161 2314 2538 2575 2361 2118 1974 1611 1390 1164 1017 ]
