n = 20 ; 
T = 96 ; 
Init = [ 1 1 1 0 1 0 0 1 1 0 1 1 0 0 1 1 0 1 1 0 ]
L = [ 14 4 10 12 17 13 13 19 7 13 7 19 16 20 12 7 9 14 4 16 ]
l = [ 14 4 10 12 17 13 13 19 7 13 7 19 16 20 12 7 9 14 4 16 ]
Pmin = [ 289 73 184 225 294 249 211 357 107 236 122 356 271 357 203 124 141 249 55 306 ]
Pmax = [ 310 73 188 261 345 282 241 420 110 257 122 414 311 420 238 132 157 285 57 344 ]
cf = [ 8.48066 39.8901 68.6373 20.0684 62.6103 69.3988 41.6824 13.4173 18.4601 53.8145 38.8102 57.9375 35.5234 14.2937 34.5203 50.6924 35.4892 67.3288 31.388 66.6647 ]
c0 = [ 220 82 152 178 215 187 167 250 99 179 109 250 200 250 157 106 121 192 71 236 ]
cp = [ 19.4477 41.7113 27.9755 26.9514 14.5516 25.0047 15.1345 10.7264 32.4055 19.0172 22.1577 8.07055 20.0752 9.04535 19.1038 40.0882 36.6821 24.8699 41.7538 13.6344 ]
D = [ 590 800 895 944 1193 1314 1390 1548 1752 1870 2150 2192 2411 2428 2667 2806 2961 3073 3148 3424 3594 3716 3766 4028 4046 3876 3698 3682 3388 3277 2993 2958 2728 2573 2440 2445 2581 2875 2890 3083 3166 2894 2744 2479 2076 1836 1563 1350 1051 1144 1239 1474 1563 1634 1751 1903 2046 2121 2399 2562 2679 2820 2795 3065 3079 3288 3499 3520 3675 3899 3978 3989 4219 4037 3906 3561 3391 3286 3031 2777 2630 2518 2365 2535 2538 2729 2917 3112 3244 2961 2753 2436 2160 1976 1793 1398 ]
