n = 20 ; 
T = 96 ; 
Init = [ 1 0 1 1 0 1 1 1 1 1 1 0 1 1 0 0 1 0 0 1 ]
L = [ 13 13 10 13 4 7 5 20 6 20 20 9 7 12 19 17 11 13 14 13 ]
l = [ 13 13 10 13 4 7 5 20 6 20 20 9 7 12 19 17 11 13 14 13 ]
Pmin = [ 232 243 171 261 54 119 82 357 90 357 357 178 124 238 357 348 189 224 229 232 ]
Pmax = [ 263 269 180 269 54 129 82 420 90 420 420 178 124 248 420 374 195 249 265 261 ]
cf = [ 69.0636 24.8295 13.1474 46.0752 13.7033 66.1878 37.6724 57.4139 26.8804 44.7588 12.5229 17.8239 19.7301 52.634 59.7931 50.1152 25.8152 28.3682 28.9232 18.78 ]
c0 = [ 188 189 144 202 64 109 83 250 97 250 250 137 119 184 250 250 158 184 180 172 ]
cp = [ 23.7677 20.5065 36.6829 20.2153 39.4718 28.24 37.5892 8.80511 35.5876 8.0452 8.67843 23.3558 31.5658 29.2019 16.8658 14.1336 26.5022 27.2448 27.2533 19.2707 ]
D = [ 815 943 1102 1217 1466 1544 1631 1753 1978 2158 2189 2383 2482 2569 2855 2826 3000 3123 3278 3546 3689 3817 3837 3987 4116 3950 3703 3572 3416 3247 2931 2718 2539 2423 2187 2350 2587 2890 3038 3180 3526 3226 2905 2513 2342 1989 1609 1293 1027 1108 1338 1498 1529 1646 1848 1907 2085 2272 2350 2430 2578 2784 2885 2943 3081 3289 3477 3440 3630 3730 4004 3966 4168 3926 3858 3676 3372 3242 2989 2863 2683 2351 2254 2349 2556 2726 2929 3184 3410 3084 2813 2401 2150 1850 1545 1302 ]
