n = 20 ; 
T = 96 ; 
Init = [ 0 1 1 0 0 1 1 0 0 1 0 1 0 0 0 0 0 1 0 0 ]
L = [ 8 11 18 12 9 10 14 7 17 15 19 11 9 9 5 20 19 8 9 9 ]
l = [ 8 11 18 12 9 10 14 7 17 15 19 11 9 9 5 20 19 8 9 9 ]
Pmin = [ 138 193 343 236 178 189 248 97 335 299 357 204 128 160 58 357 357 127 160 140 ]
Pmax = [ 146 203 378 251 180 199 290 109 368 313 413 232 141 174 61 417 396 130 180 156 ]
cf = [ 69.4737 58.4137 7.25621 21.5904 18.1254 19.6347 10.7186 8.81028 50.504 23.7984 22.2992 31.5767 63.8853 23.0167 23.881 9.69795 47.2246 17.0977 38.0413 39.7786 ]
c0 = [ 124 158 241 191 137 150 199 91 250 224 250 158 104 135 78 250 250 102 143 127 ]
cp = [ 27.5447 30.0432 13.11 15.2821 22.5185 25.3875 17.93 30.5851 16.4443 20.4557 14.4591 15.8634 32.7068 20.6474 41.4225 8.52641 16.4326 32.6578 35.5935 31.765 ]
D = [ 771 869 917 1186 1267 1465 1595 1646 1876 1873 2087 2149 2293 2503 2679 2750 2955 2984 3144 3237 3441 3562 3758 3879 4058 3762 3584 3394 3173 2983 2824 2753 2524 2276 2164 2283 2498 2782 2989 3297 3440 3233 2801 2633 2326 2105 1699 1460 1307 1414 1442 1495 1611 1808 1827 1939 2164 2126 2368 2359 2570 2715 2705 2811 2946 3028 3234 3265 3364 3506 3678 3659 3844 3599 3419 3388 3137 2971 2817 2618 2450 2215 2133 2343 2568 2767 2980 3148 3373 3057 2790 2455 2174 1788 1623 1369 ]
