n = 20 ; 
T = 96 ; 
Init = [ 0 1 0 1 1 1 0 0 1 1 0 0 1 1 1 0 0 1 1 1 ]
L = [ 19 6 18 20 15 12 15 10 19 12 13 11 11 16 17 18 14 11 7 6 ]
l = [ 19 6 18 20 15 12 15 10 19 12 13 11 11 16 17 18 14 11 7 6 ]
Pmin = [ 357 104 341 357 278 197 308 175 357 215 236 215 198 330 332 354 257 195 111 104 ]
Pmax = [ 409 104 378 415 307 222 328 195 419 245 245 219 198 351 352 409 301 195 111 104 ]
cf = [ 63.5912 23.2405 16.7329 61.0725 18.8863 14.0175 8.7668 20.3187 68.9682 40.6786 7.49214 51.1629 18.7597 23.535 34.0559 48.7909 52.5483 13.6145 7.81824 32.9283 ]
c0 = [ 250 101 245 250 210 156 233 140 250 162 188 163 162 240 250 250 198 161 100 92 ]
cp = [ 11.8884 26.9373 12.5373 9.49418 17.9975 18.6571 17.7263 28.4667 9.75053 26.4475 26.0365 26.4249 28.907 9.76085 14.6199 13.5141 31.0649 30.1281 32.1157 30.5421 ]
D = [ 657 762 1050 1118 1370 1628 1616 1942 1974 2310 2296 2516 2834 2858 3032 3258 3378 3693 3815 3950 4096 4266 4413 4636 4787 4624 4434 4086 3887 3770 3453 3327 3142 2940 2709 2784 3050 3222 3247 3373 3707 3295 3016 2840 2482 2204 1878 1670 1329 1445 1678 1689 1833 2140 2172 2417 2422 2546 2825 2847 2959 3148 3270 3388 3640 3723 4010 4138 4228 4423 4480 4580 4735 4490 4360 4044 3841 3632 3426 3035 2797 2680 2360 2586 2893 3129 3253 3624 3840 3542 3234 2861 2405 2075 1880 1531 ]
