n = 20 ; 
T = 96 ; 
Init = [ 0 0 0 0 0 0 0 0 0 0 0 0 0 1 1 1 1 1 1 1 ]
L = [ 19 5 5 13 15 15 16 7 7 17 12 16 16 17 16 4 4 14 14 20 ]
l = [ 19 5 5 13 15 15 16 7 7 17 12 16 16 17 16 4 4 14 14 20 ]
Pmin = [ 357 68 68 242 282 282 279 142 142 331 229 319 319 357 312 36 36 284 284 357 ]
Pmax = [ 420 68 68 271 318 318 321 142 142 380 265 357 357 384 342 37 37 321 321 420 ]
cf = [ 20.1323 30.9192 30.9192 34.3492 41.1209 41.1209 59.0174 28.8091 28.8091 10.4296 69.9737 14.3594 14.3594 40.3633 61.7038 56.2214 56.2214 34.8464 34.8464 62.9134 ]
c0 = [ 250 83 83 176 216 216 215 114 114 250 171 229 229 250 232 57 57 214 214 250 ]
cp = [ 10.5979 38.5106 38.5106 13.296 21.1628 21.1628 20.5293 32.5445 32.5445 17.6621 26.972 19.8313 19.8313 8.97247 22.1653 41.6583 41.6583 15.9658 15.9658 8.48874 ]
D = [ 603 642 861 945 1084 1408 1472 1644 1785 2064 2097 2339 2561 2583 2848 2956 3044 3292 3529 3704 3863 3852 4005 4217 4406 4176 4020 3810 3583 3567 3380 3187 2854 2723 2453 2681 2909 3125 3364 3569 3708 3516 3109 2812 2480 2371 2020 1614 1319 1566 1561 1732 1816 1985 2117 2180 2349 2478 2590 2818 2865 3004 3062 3319 3300 3556 3555 3833 3782 3973 4214 4154 4288 4103 3998 3836 3552 3325 3203 3007 2902 2650 2501 2760 2954 3022 3413 3458 3725 3358 3150 2789 2436 1967 1738 1436 ]
