n = 20 ; 
T = 96 ; 
Init = [ 1 1 1 1 1 0 1 1 1 0 1 0 0 1 1 0 0 1 0 0 ]
L = [ 17 5 19 13 18 12 6 17 16 14 19 9 8 7 18 12 4 11 9 18 ]
l = [ 17 5 19 13 18 12 6 17 16 14 19 9 8 7 18 12 4 11 9 18 ]
Pmin = [ 329 55 345 222 347 243 101 313 290 248 357 156 108 129 341 236 63 217 173 348 ]
Pmax = [ 357 55 400 255 386 254 103 356 321 286 417 160 120 129 396 253 63 219 173 393 ]
cf = [ 57.499 53.1975 62.3713 68.9402 37.8493 7.17446 44.5016 57.14 63.1311 41.5585 18.7187 12.622 68.3622 9.90172 37.6366 22.6309 57.7218 41.3974 34.2426 17.7852 ]
c0 = [ 236 64 250 171 249 193 86 225 215 195 250 122 94 124 245 189 77 173 133 250 ]
cp = [ 14.0149 41.0941 10.5338 12.7651 11.188 23.748 32.5099 16.2364 15.507 25.0475 13.3069 24.1565 37.7499 38.1532 16.0356 21.725 41.8356 26.3024 30.2256 11.8753 ]
D = [ 583 681 794 968 1146 1300 1570 1548 1729 2018 2091 2181 2393 2504 2612 2760 2990 3080 3207 3450 3623 3705 3865 3989 4237 4006 3801 3524 3482 3311 2994 2814 2591 2423 2268 2450 2664 2818 3015 3260 3365 3008 2716 2593 2195 1861 1736 1418 1110 1142 1266 1442 1648 1687 1825 2053 2153 2304 2500 2625 2812 2817 2970 3125 3328 3352 3613 3750 3773 4015 4232 4211 4432 4260 3962 3776 3482 3289 3178 2958 2658 2343 2160 2350 2547 2788 3067 3224 3476 3129 2776 2581 2286 1945 1765 1347 ]
