n = 20 ; 
T = 96 ; 
Init = [ 1 1 1 0 0 0 1 1 1 1 0 1 1 1 0 0 0 0 1 0 ]
L = [ 15 13 13 12 16 6 10 10 18 16 19 9 9 19 19 5 5 9 17 17 ]
l = [ 15 13 13 12 16 6 10 10 18 16 19 9 9 19 19 5 5 9 17 17 ]
Pmin = [ 301 255 255 208 284 96 200 200 348 312 357 151 151 357 357 50 50 173 320 320 ]
Pmax = [ 329 263 263 244 331 99 211 211 385 342 420 154 154 390 390 53 53 173 374 374 ]
cf = [ 24.1132 27.7568 27.7568 53.2566 10.4437 30.6778 11.6977 11.6977 29.2392 27.6561 52.1201 65.2065 65.2065 22.7074 22.7074 47.9887 47.9887 45.6948 20.5219 20.5219 ]
c0 = [ 235 199 199 175 222 88 168 168 245 225 250 131 131 250 250 73 73 144 243 243 ]
cp = [ 20.1294 30.0628 30.0628 29.7157 9.72932 36.0506 30.8012 30.8012 10.6711 20.3103 13.4489 31.4494 31.4494 9.56704 9.56704 40.5053 40.5053 28.4192 11.0462 11.0462 ]
D = [ 614 827 1018 1035 1234 1425 1572 1782 1858 2067 2147 2357 2619 2694 2787 3089 3226 3397 3500 3752 3795 3966 4070 4395 4471 4286 4018 3847 3781 3586 3368 3098 2954 2765 2542 2634 2864 3017 3349 3494 3694 3253 2948 2750 2414 2041 1791 1431 1109 1221 1460 1577 1619 1886 1944 1989 2236 2223 2515 2579 2734 2734 2837 2953 3094 3342 3467 3474 3726 3768 3938 3932 4224 4053 3895 3707 3574 3240 3254 2908 2753 2692 2532 2618 2831 2929 3128 3273 3426 3136 2755 2473 2251 1851 1561 1357 ]
