n = 20 ; 
T = 96 ; 
Init = [ 1 1 0 1 0 1 1 1 1 1 1 0 0 0 0 1 1 0 1 0 ]
L = [ 18 13 9 9 13 13 17 12 12 15 17 17 5 5 18 4 4 20 20 9 ]
l = [ 18 13 9 9 13 13 17 12 12 15 17 17 5 5 18 4 4 20 20 9 ]
Pmin = [ 339 267 170 170 243 243 299 211 211 269 325 325 58 58 357 62 62 357 357 180 ]
Pmax = [ 380 289 175 175 250 250 349 246 246 316 345 345 58 58 391 62 62 420 420 180 ]
cf = [ 58.1499 40.9718 8.13171 8.13171 55.4551 55.4551 69.8465 65.2906 65.2906 62.4857 18.3999 18.3999 48.5591 48.5591 8.72773 55.095 55.095 48.6261 48.6261 48.5695 ]
c0 = [ 238 206 150 150 186 186 218 166 166 198 247 247 67 67 250 60 60 250 250 153 ]
cp = [ 16.6056 26.5134 27.5109 27.5109 23.7137 23.7137 16.6958 39.0221 39.0221 22.9637 15.753 15.753 39.7425 39.7425 9.59688 41.2088 41.2088 12.5498 12.5498 36.6875 ]
D = [ 719 834 926 1110 1226 1368 1496 1746 1793 2059 2167 2200 2458 2621 2742 2884 2999 3101 3243 3371 3545 3642 3836 4036 4003 3887 3752 3613 3483 3305 2975 2863 2660 2465 2396 2514 2667 2932 2975 3218 3424 3175 2868 2564 2338 2011 1709 1456 1185 1306 1365 1605 1763 1857 1957 2112 2234 2211 2336 2622 2703 2775 2858 3032 3159 3314 3338 3489 3608 3785 3797 4045 4009 3929 3790 3613 3358 3159 3094 2900 2702 2575 2318 2478 2646 2872 2883 3053 3319 2943 2701 2536 2296 2016 1720 1487 ]
