n = 20 ; 
T = 96 ; 
Init = [ 1 1 0 0 0 0 0 1 1 0 1 1 0 1 0 0 1 0 0 0 ]
L = [ 5 5 15 15 6 6 13 13 14 14 6 6 10 10 11 11 19 19 7 7 ]
l = [ 5 5 15 15 6 6 13 13 14 14 6 6 10 10 11 11 19 19 7 7 ]
Pmin = [ 73 73 296 296 80 80 210 210 247 247 92 92 170 170 198 198 357 357 90 90 ]
Pmax = [ 73 73 319 319 88 88 244 244 275 275 92 92 190 190 229 229 416 416 96 96 ]
cf = [ 26.0529 26.0529 47.6043 47.6043 46.1777 46.1777 8.50602 8.50602 9.4211 9.4211 69.2289 69.2289 62.602 62.602 57.461 57.461 9.42061 9.42061 24.9829 24.9829 ]
c0 = [ 72 72 231 231 83 83 160 160 185 185 90 90 132 132 156 156 250 250 89 89 ]
cp = [ 39.539 39.539 18.2688 18.2688 39.8514 39.8514 32.1721 32.1721 12.6416 12.6416 34.9841 34.9841 25.1588 25.1588 24.592 24.592 10.1918 10.1918 38.9984 38.9984 ]
D = [ 400 504 703 760 966 1094 1156 1267 1392 1512 1625 1743 1848 1949 2101 2242 2338 2494 2482 2659 2779 2908 3057 3085 3245 3110 2962 2829 2765 2627 2439 2248 2242 1990 1883 2068 2074 2305 2337 2496 2585 2432 2121 1873 1704 1573 1348 1157 820 947 1101 1164 1279 1289 1424 1536 1638 1718 1814 1944 2052 2076 2246 2327 2416 2487 2546 2695 2813 2836 3029 3083 3094 3086 2891 2828 2611 2539 2346 2242 2202 2067 1931 2024 2206 2221 2330 2519 2664 2421 2147 1951 1781 1582 1373 1051 ]
