n = 20 ; 
T = 96 ; 
Init = [ 1 0 1 1 1 1 1 1 0 0 1 0 1 0 1 1 0 0 0 0 ]
L = [ 15 7 8 13 8 18 19 5 7 9 19 17 8 11 12 7 12 10 5 15 ]
l = [ 15 7 8 13 8 18 19 5 7 9 19 17 8 11 12 7 12 10 5 15 ]
Pmin = [ 294 91 155 222 168 331 357 62 109 157 357 336 140 180 224 123 232 190 83 281 ]
Pmax = [ 324 99 155 258 168 381 417 62 109 157 404 382 164 196 228 123 248 196 83 304 ]
cf = [ 41.5912 43.7635 58.9902 43.3127 69.3639 52.836 43.2674 45.852 33.1543 10.7102 26.027 29.9404 51.0577 46.9409 14.4886 37.0908 17.3267 65.8504 21.334 14.3144 ]
c0 = [ 230 92 127 179 145 245 250 76 110 130 250 247 124 153 177 109 170 156 93 212 ]
cp = [ 18.1714 35.3364 35.5409 25.6228 26.9778 9.59472 12.8908 40.703 36.3003 28.3774 9.08546 13.5252 35.5635 18.8393 30.1867 31.8563 19.8455 33.9581 38.4683 20.9169 ]
D = [ 511 681 752 978 1030 1195 1268 1325 1529 1723 1847 1847 2016 2147 2277 2388 2558 2536 2702 2861 2917 3141 3250 3269 3378 3362 3157 2992 2859 2724 2575 2448 2201 2164 1980 2125 2270 2500 2581 2810 2950 2654 2381 2189 1903 1801 1438 1362 1012 1092 1194 1282 1465 1549 1651 1685 1929 1890 1986 2180 2267 2355 2381 2545 2725 2666 2819 2932 2991 3181 3237 3262 3480 3282 3208 2930 2925 2771 2507 2359 2347 2085 1926 2131 2312 2451 2591 2755 2917 2673 2389 2158 1904 1707 1542 1207 ]
