n = 20 ; 
T = 96 ; 
Init = [ 0 0 0 0 0 0 0 0 0 0 1 1 0 1 0 1 1 1 1 0 ]
L = [ 10 10 5 12 12 6 6 16 20 20 16 14 14 17 17 7 7 19 19 9 ]
l = [ 10 10 5 12 12 6 6 16 20 20 16 14 14 17 17 7 7 19 19 9 ]
Pmin = [ 200 200 67 223 223 94 94 310 357 357 304 246 246 334 334 115 115 357 357 134 ]
Pmax = [ 209 209 67 254 254 94 94 342 420 420 346 288 288 381 381 115 115 420 420 152 ]
cf = [ 38.382 38.382 59.0448 20.5274 20.5274 10.333 10.333 29.9897 62.6811 62.6811 25.9129 39.4897 39.4897 32.4553 32.4553 57.2551 57.2551 34.3469 34.3469 20.9889 ]
c0 = [ 166 166 83 168 168 83 83 237 250 250 226 197 197 246 246 108 108 250 250 108 ]
cp = [ 23.5244 23.5244 38.0193 21.2238 21.2238 30.5806 30.5806 14.3677 8.49458 8.49458 15.7716 15.6341 15.6341 17.3053 17.3053 36.4234 36.4234 12.3541 12.3541 24.5436 ]
D = [ 809 882 989 1272 1320 1473 1643 1755 1983 2122 2294 2429 2649 2668 2976 3078 3221 3294 3493 3617 3834 4060 4213 4273 4408 4356 4134 3982 3628 3494 3296 3031 2814 2761 2428 2677 2807 3063 3266 3470 3708 3232 2913 2713 2295 2127 1679 1442 1106 1269 1363 1491 1627 1765 1929 2125 2261 2354 2529 2613 2762 2806 3031 3056 3313 3362 3440 3731 3777 3972 3967 4162 4225 4170 3912 3758 3556 3424 3251 2899 2796 2583 2419 2692 2859 2904 3240 3408 3606 3327 2983 2735 2366 2113 1949 1703 ]
