n = 20 ; 
T = 96 ; 
Init = [ 1 1 1 0 0 0 1 1 1 0 0 0 0 0 1 1 0 0 1 0 ]
L = [ 4 16 10 11 19 17 10 10 17 17 20 7 7 14 12 19 7 9 4 13 ]
l = [ 4 16 10 11 19 17 10 10 17 17 20 7 7 14 12 19 7 9 4 13 ]
Pmin = [ 72 301 172 194 357 328 187 192 289 357 357 122 105 270 235 355 94 171 41 261 ]
Pmax = [ 72 349 190 223 419 379 187 195 339 383 420 125 109 298 259 390 99 181 41 292 ]
cf = [ 51.2642 30.4652 61.7765 10.0528 61.8219 27.0157 53.9721 16.3225 58.1591 29.0884 40.3913 24.6089 28.2345 43.8803 10.3461 17.9128 41.9119 68.4242 15.2675 26.2423 ]
c0 = [ 76 235 131 162 250 250 160 164 223 250 250 114 88 198 190 250 88 146 51 197 ]
cp = [ 41.5938 10.3619 32.8592 25.7053 8.06019 21.7564 33.1242 35.5194 14.0262 13.7442 8.02802 34.8966 34.3496 23.754 25.9569 9.04522 33.7315 30.7234 41.8706 14.2517 ]
D = [ 945 993 1139 1276 1411 1404 1595 1670 1934 1976 2200 2183 2302 2418 2521 2739 2887 2945 3172 3184 3327 3395 3657 3695 3791 3608 3462 3281 3100 2947 2808 2569 2521 2221 2176 2320 2431 2634 2909 3160 3281 2991 2617 2430 2132 1737 1462 1188 900 981 1157 1327 1433 1599 1761 1885 2083 2178 2245 2496 2536 2738 2910 2963 3069 3302 3286 3578 3730 3821 3927 3978 4270 4056 3781 3493 3368 3124 2903 2824 2525 2343 2117 2351 2582 2764 2806 3098 3238 2957 2746 2536 2140 1964 1671 1427 ]
