n = 20 ; 
T = 96 ; 
Init = [ 0 0 1 0 0 1 0 1 1 0 1 0 1 1 0 1 0 0 0 0 ]
L = [ 5 5 5 20 18 18 18 5 13 16 16 16 10 10 8 8 16 16 12 18 ]
l = [ 5 5 5 20 18 18 18 5 13 16 16 16 10 10 8 8 16 16 12 18 ]
Pmin = [ 82 58 58 357 337 337 340 50 224 302 302 295 185 185 150 169 309 309 229 345 ]
Pmax = [ 82 58 58 420 385 385 394 50 237 346 346 334 204 204 150 169 343 343 243 389 ]
cf = [ 28.9006 60.0771 60.0771 57.1818 60.7265 60.7265 39.9838 22.0302 61.8973 39.4048 39.4048 50.1807 45.5609 45.5609 41.3773 62.5243 47.8501 47.8501 33.1849 39.0035 ]
c0 = [ 77 57 57 250 250 250 250 52 183 223 223 215 160 160 125 130 231 231 172 250 ]
cp = [ 40.3321 38.2673 38.2673 8.48208 13.2813 13.2813 10.6153 41.3426 22.468 12.8659 12.8659 15.3012 24.6881 24.6881 30.7103 26.4704 14.5466 14.5466 25.5278 9.45904 ]
D = [ 555 811 990 1035 1275 1440 1576 1721 1877 2024 2296 2398 2476 2680 2814 3067 3259 3268 3476 3624 3839 3985 4189 4194 4383 4258 4028 3799 3633 3427 3256 3072 2964 2624 2515 2644 2842 2867 3171 3178 3379 3196 2923 2632 2305 2009 1812 1518 1310 1349 1613 1628 1819 2048 2091 2270 2332 2574 2649 2754 2892 2946 3099 3300 3508 3518 3771 3867 3867 4090 4122 4275 4374 4230 4056 3937 3751 3449 3244 3060 2853 2592 2480 2713 2741 2920 3200 3347 3636 3204 3046 2686 2365 2039 1748 1503 ]
