n = 20 ; 
T = 96 ; 
Init = [ 1 1 1 1 0 0 0 1 1 1 0 1 0 1 0 0 0 1 0 1 ]
L = [ 15 15 15 6 16 16 17 17 15 18 18 19 19 18 10 10 17 17 14 14 ]
l = [ 15 15 15 6 16 16 17 17 15 18 18 19 19 18 10 10 17 17 14 14 ]
Pmin = [ 271 271 278 123 303 303 333 333 288 354 354 357 357 357 175 175 328 328 265 265 ]
Pmax = [ 316 316 318 123 349 349 370 370 302 385 385 420 420 408 195 195 381 381 283 283 ]
cf = [ 66.9787 66.9787 50.0087 31.8128 66.6777 66.6777 56.2105 56.2105 47.6067 59.5807 59.5807 9.43952 9.43952 9.10497 45.6858 45.6858 21.3163 21.3163 9.16208 9.16208 ]
c0 = [ 195 195 208 117 234 234 246 246 227 250 250 250 250 250 139 139 232 232 205 205 ]
cp = [ 17.2302 17.2302 25.6926 33.0922 18.4601 18.4601 15.7399 15.7399 15.8994 13.1872 13.1872 8.92549 8.92549 12.9734 29.7136 29.7136 14.931 14.931 15.6798 15.6798 ]
D = [ 677 1052 1206 1456 1555 1742 2058 2092 2453 2660 2898 2980 3234 3521 3603 3753 3946 4226 4381 4572 4808 5140 5194 5413 5778 5477 5127 4731 4471 4242 4124 3677 3373 3205 2802 3235 3645 3950 4211 4533 4840 4383 4076 3435 3060 2630 2180 1794 1447 1507 1665 1948 2180 2218 2517 2797 2747 3120 3126 3429 3676 3794 3942 4174 4233 4627 4601 4878 5152 5161 5494 5524 5759 5431 5321 5027 4730 4481 4247 3829 3703 3197 3124 3309 3412 3717 3998 4112 4362 4121 3764 3242 2935 2542 2314 1881 ]
