n = 20 ; 
T = 96 ; 
Init = [ 1 1 1 0 0 0 0 0 0 0 1 0 0 0 1 0 0 1 1 0 ]
L = [ 16 13 18 6 11 14 11 17 14 14 16 11 14 9 8 12 6 19 15 6 ]
l = [ 16 13 18 6 11 14 11 17 14 14 16 11 14 9 8 12 6 19 15 6 ]
Pmin = [ 290 263 357 74 182 231 190 349 247 288 331 212 260 167 162 236 123 357 280 90 ]
Pmax = [ 329 270 415 79 199 271 214 373 278 308 354 227 278 167 165 241 123 420 308 95 ]
cf = [ 33.2599 40.9392 69.612 13.8026 27.5002 46.1466 8.30823 25.2706 8.12625 43.4086 42.8353 28.4069 69.0676 52.012 53.6736 69.9697 55.0233 67.2491 50.5457 49.5121 ]
c0 = [ 214 198 250 76 137 170 146 250 199 213 239 161 194 129 133 188 101 250 215 87 ]
cp = [ 11.8996 30.3232 15.6718 24.416 34.1139 29.0888 26.7999 13.2958 26.3341 23.9777 20.3543 31.091 24.7069 30.6795 29.9712 26.4619 34.7718 17.9974 17.4301 39.578 ]
D = [ 574 733 851 1155 1315 1391 1505 1688 1850 1985 2209 2238 2449 2535 2701 2829 3101 3224 3286 3507 3635 3745 3922 4087 4335 4175 3934 3786 3613 3323 3253 2942 2845 2740 2394 2621 2758 2879 2949 3094 3385 3143 2783 2563 2254 2094 1849 1659 1347 1504 1579 1674 1772 1879 1983 2158 2376 2350 2608 2715 2710 2870 2976 3142 3234 3347 3477 3571 3755 3909 3937 4017 4169 3953 3790 3550 3457 3323 3133 2998 2716 2484 2327 2597 2739 2953 3280 3337 3594 3352 2877 2678 2292 1993 1655 1431 ]
