n = 20 ; 
T = 96 ; 
Init = [ 0 0 0 1 0 1 0 1 1 1 1 1 1 0 0 0 0 1 1 0 ]
L = [ 9 9 19 18 18 9 9 13 15 18 18 18 18 13 13 5 10 10 6 19 ]
l = [ 9 9 19 18 18 9 9 13 15 18 18 18 18 13 13 5 10 10 6 19 ]
Pmin = [ 149 149 357 349 349 152 152 214 274 343 343 357 357 244 244 87 145 145 93 357 ]
Pmax = [ 160 160 405 372 372 162 162 239 314 399 399 405 405 248 248 87 163 163 99 420 ]
cf = [ 41.2924 41.2924 68.8611 15.8062 15.8062 36.8748 36.8748 33.3414 56.7069 34.8337 34.8337 41.685 41.685 21.0688 21.0688 69.2743 59.6616 59.6616 33.8327 44.8704 ]
c0 = [ 120 120 250 246 246 135 135 174 201 248 248 250 250 181 181 90 129 129 92 250 ]
cp = [ 21.7789 21.7789 10.0265 15.8017 15.8017 24.8661 24.8661 21.5589 24.6904 9.01287 9.01287 9.88841 9.88841 17.653 17.653 37.8016 32.3786 32.3786 28.1189 9.74512 ]
D = [ 691 865 890 1026 1330 1375 1641 1834 1910 2044 2226 2574 2639 2842 2927 3144 3317 3518 3572 3800 4073 4152 4330 4490 4627 4510 4272 4086 3835 3603 3288 3160 2933 2672 2512 2623 2838 2978 3311 3432 3538 3427 3073 2818 2542 2302 1898 1625 1521 1603 1752 1844 1906 2086 2145 2192 2473 2621 2659 2697 2903 3065 3135 3296 3409 3613 3697 3771 3894 3994 4064 4218 4384 4132 4028 3822 3629 3296 3148 3022 2847 2528 2371 2566 2934 3144 3263 3590 3826 3508 3201 2771 2492 2132 1939 1452 ]
