n = 20 ; 
T = 96 ; 
Init = [ 1 0 0 0 1 1 0 1 1 0 1 1 1 0 1 1 0 0 0 0 ]
L = [ 10 10 16 14 14 18 18 14 10 7 7 8 8 15 13 13 4 20 20 19 ]
l = [ 10 10 16 14 14 18 18 14 10 7 7 8 8 15 13 13 4 20 20 19 ]
Pmin = [ 205 205 306 274 274 346 346 283 186 83 83 149 149 277 236 236 62 357 357 353 ]
Pmax = [ 219 219 331 312 312 377 377 316 186 94 94 149 149 317 261 261 62 418 418 393 ]
cf = [ 58.7762 58.7762 66.765 39.0993 39.0993 30.0518 30.0518 38.6499 52.7818 61.2147 61.2147 45.1347 45.1347 19.5065 21.5577 21.5577 12.435 60.2041 60.2041 60.9265 ]
c0 = [ 166 166 231 207 207 250 250 207 143 79 79 116 116 199 177 177 81 250 250 250 ]
cp = [ 17.3016 17.3016 16.2803 16.3444 16.3444 14.6771 14.6771 16.2378 30.0358 39.2973 39.2973 33.8857 33.8857 19.618 20.759 20.759 41.2487 8.21581 8.21581 11.6508 ]
D = [ 546 659 805 883 1146 1318 1496 1589 1676 1827 1946 2271 2253 2517 2569 2751 2987 2992 3177 3357 3550 3645 3762 3966 4118 4030 3763 3586 3349 3221 3102 2923 2757 2439 2380 2524 2814 2981 3067 3294 3654 3195 2888 2567 2414 2009 1718 1456 1039 1221 1355 1630 1729 1871 1899 2054 2260 2486 2466 2732 2889 2997 3150 3266 3445 3616 3688 3906 3880 4128 4304 4370 4632 4303 4157 3919 3662 3503 3256 3036 2918 2663 2382 2655 2834 3068 3354 3597 3721 3517 3169 2980 2548 2405 1996 1794 ]
