n = 20 ; 
T = 96 ; 
Init = [ 1 1 1 0 0 0 1 1 0 0 0 0 0 1 1 1 0 1 0 0 ]
L = [ 13 16 13 19 9 15 10 7 20 19 10 6 9 5 20 18 15 4 11 13 ]
l = [ 13 16 13 19 9 15 10 7 20 19 10 6 9 5 20 18 15 4 11 13 ]
Pmin = [ 223 320 259 357 143 286 157 130 357 357 189 97 184 58 357 357 263 57 189 257 ]
Pmax = [ 253 338 266 411 143 330 165 130 420 420 189 97 185 61 420 411 306 58 199 272 ]
cf = [ 45.9463 9.49907 59.4472 32.5216 20.0774 62.7481 20.0515 26.6611 14.2963 56.0385 11.7325 12.7052 9.78962 20.1161 59.8563 62.6005 19.9099 41.0114 22.4861 8.39119 ]
c0 = [ 185 232 189 250 130 226 136 111 250 250 145 83 154 59 250 250 196 66 145 186 ]
cp = [ 22.8518 20.0323 23.0165 13.7589 22.0542 20.5591 21.1929 37.9302 8.81922 12.105 33.7215 35.4596 37.5997 40.2287 8.38087 13.6281 20.9401 39.5024 25.3268 25.3181 ]
D = [ 520 749 948 1025 1198 1371 1374 1626 1760 1870 2085 2159 2329 2377 2601 2708 2812 3038 3136 3271 3429 3535 3729 3763 4001 3846 3627 3388 3358 3132 2985 2860 2723 2448 2260 2524 2650 2878 3067 3374 3571 3132 2855 2564 2219 1840 1515 1320 1038 1108 1254 1384 1588 1663 1744 1889 1984 2108 2282 2456 2559 2610 2896 3026 3066 3273 3399 3503 3564 3716 3979 3978 4123 4009 3718 3686 3503 3255 3139 2940 2629 2527 2326 2494 2741 3083 3263 3473 3620 3463 2965 2704 2280 2121 1671 1340 ]
