n = 20 ; 
T = 96 ; 
Init = [ 0 1 1 0 1 0 0 1 0 1 0 0 0 1 0 1 0 1 0 0 ]
L = [ 11 10 12 14 5 5 17 17 8 8 12 19 19 20 10 9 9 17 17 10 ]
l = [ 11 10 12 14 5 5 17 17 8 8 12 19 19 20 10 9 9 17 17 10 ]
Pmin = [ 180 167 203 250 86 86 354 354 112 112 224 357 357 357 164 167 167 337 337 197 ]
Pmax = [ 203 179 231 286 86 86 377 377 124 124 254 411 411 418 178 170 170 356 356 197 ]
cf = [ 39.6246 54.3751 32.8389 39.3081 50.1014 50.1014 36.7007 36.7007 8.38105 8.38105 20.1538 43.6577 43.6577 16.524 28.2484 65.9494 65.9494 52.2033 52.2033 62.2779 ]
c0 = [ 143 140 163 197 95 95 250 250 94 94 181 250 250 250 127 142 142 249 249 153 ]
cp = [ 22.0832 33.2637 12.8743 19.395 38.7552 38.7552 10.6198 10.6198 39.2952 39.2952 17.4443 19.9818 19.9818 10.7672 31.7516 31.5233 31.5233 15.1631 15.1631 21.2218 ]
D = [ 904 1014 1065 1316 1484 1601 1630 1841 1896 2126 2185 2384 2533 2626 2710 2963 3090 3101 3313 3470 3627 3652 3818 3992 4133 3936 3748 3510 3368 3107 2941 2778 2675 2425 2379 2521 2647 2890 3107 3338 3494 3320 2933 2786 2388 2134 1923 1518 1289 1378 1549 1584 1848 1958 2031 2213 2336 2425 2500 2553 2775 2777 2925 2993 3181 3345 3355 3471 3717 3865 3869 3963 4185 3947 3826 3530 3378 3187 3118 2901 2681 2480 2362 2507 2700 2937 3145 3342 3550 3221 3041 2677 2413 2263 1847 1653 ]
