n = 20 ; 
T = 96 ; 
Init = [ 0 1 0 1 0 0 1 0 0 1 1 0 1 1 1 1 1 1 1 0 ]
L = [ 14 16 16 4 16 20 5 5 14 14 12 19 13 7 8 5 5 16 16 16 ]
l = [ 14 16 16 4 16 20 5 5 14 14 12 19 13 7 8 5 5 16 16 16 ]
Pmin = [ 267 307 307 56 293 357 87 87 243 243 235 357 248 113 133 95 95 308 310 310 ]
Pmax = [ 284 331 331 56 344 419 87 87 285 285 241 417 255 113 133 95 95 329 345 345 ]
cf = [ 68.6929 55.7077 55.7077 8.13151 35.4809 46.6051 39.3679 39.3679 65.5487 65.5487 20.9504 13.1094 21.3533 48.959 18.9897 63.306 63.306 16.2117 22.1295 22.1295 ]
c0 = [ 194 232 232 66 210 250 97 97 178 178 178 250 188 106 105 84 84 229 221 221 ]
cp = [ 23.6779 18.3515 18.3515 41.0685 22.008 8.30246 39.8498 39.8498 14.5687 14.5687 21.6193 13.3234 17.1938 27.0095 30.3432 38.2751 38.2751 16.9199 14.6773 14.6773 ]
D = [ 768 1005 1014 1207 1428 1446 1630 1815 1876 2137 2175 2394 2551 2641 2838 2840 3008 3120 3426 3461 3590 3809 3907 4077 4246 4068 3790 3611 3386 3197 3060 2891 2618 2526 2229 2379 2504 2770 2962 3007 3214 2887 2593 2400 2200 1782 1628 1275 993 1122 1265 1517 1559 1715 1755 1978 2010 2251 2215 2347 2482 2623 2730 2981 2984 3163 3291 3410 3559 3580 3761 3934 4065 3864 3737 3491 3272 3125 3051 2769 2629 2399 2246 2371 2697 2807 3033 3092 3320 3123 2750 2549 2193 1983 1732 1436 ]
