n = 20 ; 
T = 96 ; 
Init = [ 0 1 1 0 1 0 1 0 0 0 1 1 1 1 0 0 1 0 1 0 ]
L = [ 11 11 15 15 16 12 18 13 15 11 9 16 16 17 15 15 14 14 12 12 ]
l = [ 11 11 15 15 16 12 18 13 15 11 9 16 16 17 15 15 14 14 12 12 ]
Pmin = [ 207 207 301 301 277 237 338 260 264 186 154 307 307 343 311 311 270 270 205 205 ]
Pmax = [ 220 220 325 325 323 243 365 266 289 193 154 329 329 382 342 342 292 292 212 212 ]
cf = [ 52.3617 52.3617 11.0093 11.0093 10.0023 30.7179 56.6238 15.2988 10.7818 57.0587 29.1785 56.0032 56.0032 65.9968 45.8765 45.8765 21.3875 21.3875 7.30365 7.30365 ]
c0 = [ 159 159 224 224 199 188 249 189 208 154 138 224 224 250 231 231 194 194 163 163 ]
cp = [ 21.2742 21.2742 17.855 17.855 17.4299 17.0386 11.115 21.5161 21.4962 19.9958 38.5932 15.9981 15.9981 12.8114 25.0977 25.0977 25.0173 25.0173 25.2824 25.2824 ]
D = [ 847 890 1174 1326 1493 1556 1763 2003 2062 2339 2454 2586 2848 2907 3156 3297 3390 3571 3841 3887 4131 4288 4401 4660 4662 4532 4313 4040 4044 3818 3525 3429 3081 2907 2798 2839 3160 3269 3596 3599 3820 3586 3255 2851 2510 2263 2046 1632 1293 1493 1676 1839 1806 2125 2278 2429 2442 2697 2698 2945 3078 3142 3309 3574 3774 3755 4051 4128 4310 4313 4581 4627 4945 4554 4336 4295 4114 3855 3592 3358 3152 2924 2706 2952 3105 3313 3563 3792 4109 3688 3492 3060 2766 2379 2064 1824 ]
