n = 20 ; 
T = 96 ; 
Init = [ 0 1 1 1 0 1 1 0 0 1 0 1 1 0 0 1 0 0 0 1 ]
L = [ 9 17 6 10 16 8 15 10 17 19 13 11 9 16 6 19 9 13 5 20 ]
l = [ 9 17 6 10 16 8 15 10 17 19 13 11 9 16 6 19 9 13 5 20 ]
Pmin = [ 151 357 105 156 275 133 275 174 304 357 260 196 158 321 124 357 157 250 55 357 ]
Pmax = [ 163 386 105 175 323 135 296 189 354 420 272 212 174 356 124 410 181 294 55 420 ]
cf = [ 57.8873 66.438 22.8103 12.3503 36.2353 14.0211 41.8933 43.1077 14.8255 57.813 58.7277 65.3058 62.7166 29.6509 32.4476 57.1489 46.4145 16.7185 32.0304 61.7379 ]
c0 = [ 134 250 99 130 217 111 213 145 221 250 199 159 136 230 117 250 136 191 57 250 ]
cp = [ 23.2189 14.4677 37.965 31.6673 20.7936 34.7406 20.0151 29.8491 11.6517 13.8881 31.6945 12.7597 33.7004 19.2337 30.854 9.83633 31.7034 20.2968 33.8699 8.42791 ]
D = [ 867 1029 1239 1371 1464 1616 1751 1869 2078 2183 2371 2515 2516 2708 2768 3081 3090 3355 3475 3572 3661 3853 3919 4105 4157 3991 3877 3604 3535 3274 3079 3042 2804 2681 2452 2490 2701 2790 2991 3088 3328 2986 2680 2559 2271 1887 1755 1338 1057 1192 1404 1467 1667 1787 1961 2081 2186 2318 2381 2544 2627 2772 3005 3036 3243 3247 3377 3510 3660 3752 3864 4083 4126 3966 3887 3741 3389 3271 3111 2865 2753 2493 2367 2500 2774 2866 3176 3243 3524 3136 2974 2577 2391 2150 1841 1549 ]
