n = 20 ; 
T = 96 ; 
Init = [ 1 0 1 0 0 1 1 1 0 1 0 0 0 0 0 0 1 0 0 1 ]
L = [ 14 14 18 10 10 13 5 15 15 15 15 9 5 16 20 19 19 16 13 13 ]
l = [ 14 14 18 10 10 13 5 15 15 15 15 9 5 16 20 19 19 16 13 13 ]
Pmin = [ 282 282 348 184 184 245 77 307 307 294 294 174 63 341 357 357 357 301 248 248 ]
Pmax = [ 296 296 385 184 184 278 77 327 327 325 325 174 63 369 418 400 400 348 255 255 ]
cf = [ 33.4203 33.4203 23.9238 20.5782 20.5782 42.6947 19.0782 48.8081 48.8081 21.0452 21.0452 57.7774 61.7624 32.306 41.5702 9.83823 9.83823 47.649 51.6618 51.6618 ]
c0 = [ 206 206 249 142 142 190 76 232 232 227 227 150 80 250 250 250 250 221 196 196 ]
cp = [ 20.7125 20.7125 16.4541 28.977 28.977 33.033 40.5551 12.3856 12.3856 20.8038 20.8038 35.534 31.194 10.7613 8.1259 21.2094 21.2094 14.3319 19.7799 19.7799 ]
D = [ 542 706 1050 1183 1337 1450 1576 1909 2010 2210 2253 2454 2772 2938 2942 3160 3358 3466 3601 3811 4112 4113 4405 4510 4803 4604 4302 4102 3800 3784 3561 3222 2988 2937 2770 2927 3015 3210 3529 3757 3980 3623 3121 2942 2580 2121 1778 1441 1061 1307 1373 1487 1637 1920 1937 2066 2333 2427 2528 2740 2873 3140 3237 3362 3535 3658 3804 3965 4144 4245 4390 4456 4771 4566 4308 4020 3863 3558 3487 3288 3079 2715 2691 2911 3109 3171 3582 3687 3904 3520 3362 3028 2761 2340 1982 1739 ]
