n = 20 ; 
T = 96 ; 
Init = [ 1 1 1 0 1 1 1 1 1 0 0 1 0 1 1 1 0 0 0 0 ]
L = [ 14 16 11 13 17 14 18 10 14 12 5 15 10 8 16 7 18 10 18 16 ]
l = [ 14 16 11 13 17 14 18 10 14 12 5 15 10 8 16 7 18 10 18 16 ]
Pmin = [ 247 315 200 233 331 236 344 148 292 197 64 251 161 147 322 107 357 209 357 301 ]
Pmax = [ 278 354 209 251 350 268 386 163 305 215 64 288 183 147 361 109 387 212 407 335 ]
cf = [ 65.2621 37.8545 34.4178 11.4438 17.5666 63.3729 36.9701 10.5895 53.3464 66.9994 40.2862 53.9508 69.1426 9.7518 10.5267 33.1671 29.0497 49.7862 25.1599 36.4535 ]
c0 = [ 179 223 160 176 243 179 250 134 210 156 69 191 141 115 228 106 250 165 250 219 ]
cp = [ 20.6592 15.2796 24.851 34.1673 13.8613 25.1359 8.49471 30.8968 17.9216 22.0107 41.1209 19.8147 39.626 17.1815 9.79802 37.0305 9.61416 32.6059 11.1481 18.5186 ]
D = [ 612 744 778 1021 1265 1332 1513 1673 1924 2033 2212 2410 2632 2729 2865 3130 3144 3322 3633 3659 3839 4026 4234 4478 4589 4453 4245 3899 3807 3600 3415 3163 2921 2600 2422 2678 2873 3130 3377 3459 3851 3406 3205 2949 2626 2392 2037 1755 1372 1450 1611 1711 1985 2009 2031 2308 2357 2531 2581 2713 2919 3011 3125 3180 3305 3483 3522 3691 3767 3844 3984 4120 4331 3987 3892 3690 3604 3393 3097 2919 2863 2609 2412 2722 2974 3086 3360 3542 3710 3393 3261 2800 2650 2320 1990 1653 ]
