n = 20 ; 
T = 96 ; 
Init = [ 0 1 1 0 0 1 1 0 1 1 1 1 0 1 1 1 0 1 0 0 ]
L = [ 16 14 8 19 5 15 15 12 8 11 15 14 18 13 11 20 16 14 17 5 ]
l = [ 16 14 8 19 5 15 15 12 8 11 15 14 18 13 11 20 16 14 17 5 ]
Pmin = [ 314 270 126 357 77 298 284 203 125 210 304 258 357 261 189 357 318 280 345 105 ]
Pmax = [ 353 280 143 417 77 310 316 235 138 222 326 300 402 284 202 420 346 295 376 105 ]
cf = [ 8.58087 60.4241 18.6274 59.3204 35.1292 50.915 26.4993 16.235 40.884 9.70779 68.8424 58.4398 24.0246 51.5109 48.2483 22.9183 46.3518 8.10408 14.3423 18.9493 ]
c0 = [ 229 198 116 250 90 232 211 169 112 162 232 208 250 207 162 250 244 209 243 89 ]
cp = [ 17.207 17.7518 32.8717 9.85652 37.7705 19.0619 13.8528 31.5205 36.215 26.9833 21.1529 18.6826 12.7731 16.6445 27.1535 8.12631 17.5622 18.3727 16.6029 36.4805 ]
D = [ 610 852 1034 1188 1358 1551 1690 1824 2086 2152 2413 2521 2713 2735 2923 3219 3433 3587 3566 3870 4013 4115 4290 4514 4636 4462 4350 4010 3904 3669 3563 3339 2976 2886 2650 2910 3055 3411 3435 3675 3933 3686 3299 2808 2623 2258 1898 1556 1205 1362 1410 1533 1777 1889 1899 2107 2311 2501 2545 2652 2805 2894 3136 3225 3328 3595 3727 3734 3968 4170 4346 4366 4563 4421 4088 3968 3773 3601 3430 3190 3033 2767 2713 2803 3062 3228 3383 3499 3711 3313 3143 2706 2459 2184 1898 1611 ]
