n = 20 ; 
T = 96 ; 
Init = [ 0 1 0 0 0 0 0 1 1 0 1 1 0 0 0 1 1 1 0 1 ]
L = [ 10 12 20 15 14 10 19 15 15 4 18 20 10 6 5 15 15 15 14 15 ]
l = [ 10 12 20 15 14 10 19 15 15 4 18 20 10 6 5 15 15 15 14 15 ]
Pmin = [ 184 198 357 299 243 187 357 287 270 41 346 357 174 67 58 302 273 250 272 276 ]
Pmax = [ 208 223 420 313 285 187 420 319 317 41 389 420 180 67 67 323 305 294 300 293 ]
cf = [ 69.4491 57.7101 32.9627 45.3211 20.2262 34.5197 33.0895 45.7711 35.632 64.9558 31.6681 40.4675 58.7291 29.3501 47.4074 59.3861 12.2426 47.1393 66.1792 66.816 ]
c0 = [ 140 167 250 215 177 156 250 207 213 59 250 250 151 78 58 234 211 192 203 213 ]
cp = [ 21.4202 20.8864 8.16457 14.4192 16.2606 37.7875 12.446 13.3042 14.9838 40.4008 15.0721 8.33068 31.1805 38.1048 41.675 20.5878 19.9313 14.6679 27.6812 32.7545 ]
D = [ 550 690 969 1104 1214 1371 1558 1632 1908 1936 2129 2253 2474 2509 2799 2914 3042 3162 3334 3568 3744 3757 4041 4128 4201 4147 3959 3686 3592 3423 3118 3048 2867 2490 2403 2627 2899 3094 3438 3636 3906 3666 3210 2924 2566 2050 1727 1346 1097 1214 1200 1475 1591 1690 1860 1996 2175 2264 2407 2595 2587 2894 2898 3025 3220 3362 3501 3624 3876 3898 4031 4134 4398 4197 3997 3807 3674 3515 3251 3119 2937 2717 2523 2728 3075 3322 3523 3712 3909 3523 3170 2827 2410 2119 1764 1403 ]
