n = 20 ; 
T = 96 ; 
Init = [ 0 0 1 0 0 0 1 1 0 0 0 1 0 1 1 1 1 1 0 0 ]
L = [ 9 6 14 6 19 12 11 14 13 20 15 7 16 14 20 6 12 9 7 13 ]
l = [ 9 6 14 6 19 12 11 14 13 20 15 7 16 14 20 6 12 9 7 13 ]
Pmin = [ 156 89 247 109 357 211 189 269 235 357 264 124 312 266 357 82 208 138 112 245 ]
Pmax = [ 169 89 290 109 407 226 221 299 272 420 298 124 337 309 420 94 233 160 112 259 ]
cf = [ 14.6517 62.5728 11.4195 62.1098 68.8784 27.369 67.0818 23.5069 31.0801 51.3305 69.6804 33.077 39.0715 35.2274 61.3292 15.361 43.3677 64.6105 22.4821 55.9884 ]
c0 = [ 121 95 189 99 250 158 142 195 175 250 205 112 226 206 250 76 159 119 104 185 ]
cp = [ 31.1229 39.6021 16.4743 23.7433 14.9728 30.3426 28.5592 19.4169 21.2161 8.10618 12.6926 37.8284 13.5907 19.8297 8.14839 32.859 31.1046 34.4632 30.524 27.8885 ]
D = [ 640 754 927 982 1108 1239 1432 1515 1680 1839 1941 2166 2259 2415 2662 2635 2843 2986 3154 3351 3391 3606 3705 3804 4078 3783 3665 3564 3343 3082 2996 2815 2702 2470 2379 2591 2689 2814 2965 3263 3404 3047 2783 2584 2242 1903 1713 1258 1012 1111 1201 1391 1540 1695 1655 1887 1947 2071 2180 2353 2376 2522 2618 2768 2891 2932 3048 3284 3352 3385 3571 3593 3727 3655 3536 3347 3167 3076 2908 2753 2469 2454 2196 2442 2609 2692 2878 2990 3259 2865 2637 2417 2232 1986 1801 1447 ]
