n = 50 ; 
T = 96 ; 
Init = [ 1 0 1 1 1 1 1 0 1 0 0 1 0 0 1 1 0 0 1 1 0 1 0 1 0 1 0 0 0 0 0 1 1 1 1 0 1 0 0 0 0 0 1 0 0 0 1 0 1 0 ]
L = [ 12 12 12 12 12 19 17 17 17 17 17 10 10 18 18 18 18 10 10 10 17 17 17 10 10 10 12 18 19 8 8 8 8 9 18 18 18 18 14 14 14 14 8 7 7 7 7 14 14 14 ]
l = [ 12 12 12 12 12 19 17 17 17 17 17 10 10 18 18 18 18 10 10 10 17 17 17 10 10 10 12 18 19 8 8 8 8 9 18 18 18 18 14 14 14 14 8 7 7 7 7 14 14 14 ]
Pmin = [ 69 69 69 69 69 100 92 92 92 92 92 55 55 100 100 100 100 54 54 54 94 94 94 52 52 52 59 100 100 48 48 48 48 47 100 100 100 100 74 74 74 74 40 34 34 34 34 78 78 78 ]
Pmax = [ 264 264 264 264 264 419 366 366 366 366 366 191 191 405 405 405 405 214 214 214 372 372 372 173 173 173 238 398 413 152 152 152 152 169 416 416 416 416 292 292 292 292 154 113 113 113 113 293 293 293 ]
cf = [ 50.2452 50.2452 50.2452 50.2452 50.2452 47.8248 16.8605 16.8605 16.8605 16.8605 16.8605 10.9938 10.9938 43.1551 43.1551 43.1551 43.1551 10.4601 10.4601 10.4601 59.0023 59.0023 59.0023 29.9842 29.9842 29.9842 12.3923 39.3416 60.4501 66.823 66.823 66.823 66.823 50.1568 64.4025 64.4025 64.4025 64.4025 57.8698 57.8698 57.8698 57.8698 48.1813 20.3894 20.3894 20.3894 20.3894 7.26781 7.26781 7.26781 ]
c0 = [ 185 185 185 185 185 250 250 250 250 250 250 160 160 250 250 250 250 147 147 147 250 250 250 140 140 140 167 250 250 135 135 135 135 133 250 250 250 250 205 205 205 205 123 101 101 101 101 200 200 200 ]
cp = [ 26.4718 26.4718 26.4718 26.4718 26.4718 14.0312 17.3891 17.3891 17.3891 17.3891 17.3891 31.1657 31.1657 18.3709 18.3709 18.3709 18.3709 30.5991 30.5991 30.5991 15.3631 15.3631 15.3631 27.5519 27.5519 27.5519 27.4374 16.7364 9.20357 30.7179 30.7179 30.7179 30.7179 31.3062 9.49264 9.49264 9.49264 9.49264 16.3338 16.3338 16.3338 16.3338 31.4096 31.9272 31.9272 31.9272 31.9272 18.3703 18.3703 18.3703 ]
D = [ 2211 2790 3212 3757 4072 4659 4882 5183 5371 6092 6329 6938 7331 7380 8160 8074 8710 9300 9332 9869 10392 10486 10840 11599 11643 11162 10927 10661 9749 9621 8732 8333 7848 7532 7286 7632 7878 8371 8626 9210 9488 8846 7818 6812 6369 5186 4243 3502 2893 3120 3515 4138 4609 4676 5411 5692 5894 6168 6987 7354 7863 8057 8241 8814 9377 9716 10140 10374 11085 11359 11464 11849 12580 11808 11071 10906 9851 9658 8749 8458 7546 7173 6561 6870 7858 8187 8918 9163 9907 9166 8572 7532 6583 5771 5445 4657 ]
