n = 50 ; 
T = 96 ; 
Init = [ 1 1 1 0 0 1 1 0 1 1 1 0 0 1 0 0 0 1 1 1 0 1 0 0 1 1 0 1 1 1 0 0 0 1 1 0 0 0 1 0 1 0 0 1 1 0 0 1 0 1 ]
L = [ 15 15 15 15 15 10 10 13 13 13 14 14 14 14 12 12 12 10 10 10 10 17 17 17 17 17 5 15 18 18 10 10 10 10 7 20 9 9 8 8 8 8 8 9 9 9 9 16 16 13 ]
l = [ 15 15 15 15 15 10 10 13 13 13 14 14 14 14 12 12 12 10 10 10 10 17 17 17 17 17 5 15 18 18 10 10 10 10 7 20 9 9 8 8 8 8 8 9 9 9 9 16 16 13 ]
Pmin = [ 78 78 78 78 78 52 52 75 75 75 71 71 71 71 74 74 74 50 50 50 50 87 87 87 87 87 22 77 88 88 59 59 59 59 40 100 47 47 36 36 36 36 36 42 42 42 42 91 91 70 ]
Pmax = [ 319 319 319 319 319 178 178 280 280 280 285 285 285 285 266 266 266 193 193 193 193 348 348 348 348 348 52 300 362 362 216 216 216 216 119 420 161 161 141 141 141 141 141 162 162 162 162 352 352 268 ]
cf = [ 22.4943 22.4943 22.4943 22.4943 22.4943 33.4929 33.4929 40.3175 40.3175 40.3175 37.8273 37.8273 37.8273 37.8273 63.8442 63.8442 63.8442 35.9302 35.9302 35.9302 35.9302 29.9412 29.9412 29.9412 29.9412 29.9412 7.67302 61.1987 46.6125 46.6125 24.0299 24.0299 24.0299 24.0299 21.8319 32.4182 61.2707 61.2707 40.4891 40.4891 40.4891 40.4891 40.4891 10.1576 10.1576 10.1576 10.1576 21.211 21.211 13.113 ]
c0 = [ 208 208 208 208 208 142 142 210 210 210 199 199 199 199 204 204 204 137 137 137 137 233 233 233 233 233 67 201 226 226 171 171 171 171 113 250 134 134 101 101 101 101 101 126 126 126 126 230 230 183 ]
cp = [ 15.9549 15.9549 15.9549 15.9549 15.9549 31.2269 31.2269 13.9341 13.9341 13.9341 20.7925 20.7925 20.7925 20.7925 13.376 13.376 13.376 30.9975 30.9975 30.9975 30.9975 14.0393 14.0393 14.0393 14.0393 14.0393 35.2069 16.2944 11.9757 11.9757 32.5848 32.5848 32.5848 32.5848 28.0301 8.01004 28.2192 28.2192 32.9324 32.9324 32.9324 32.9324 32.9324 26.5889 26.5889 26.5889 26.5889 27.0643 27.0643 26.2688 ]
D = [ 1721 1813 2397 2781 2898 3461 3825 4100 4726 5122 5059 5466 6160 6191 6690 7131 7624 8042 8215 8772 8851 9553 9944 10245 10460 9929 9813 9263 8548 8110 7606 7124 6876 6578 6101 6558 6933 7410 7763 8384 8878 7958 7298 6319 5529 4988 4072 3397 2283 2557 3226 3354 3979 4088 4447 4623 5173 5517 5913 6154 6489 6842 7436 7748 7955 8192 8498 9072 9459 9596 10191 10369 10877 10331 10021 9421 8709 8406 7818 7430 7057 6794 6190 6532 6945 7746 7920 8539 8862 8353 7656 6757 5778 5331 4400 3762 ]
