n = 50 ; 
T = 96 ; 
Init = [ 1 0 0 1 0 1 0 1 1 1 1 0 1 1 1 0 1 0 0 1 1 1 1 0 0 1 1 0 1 0 0 0 0 0 1 0 0 1 1 1 1 1 1 0 0 1 0 1 1 0 ]
L = [ 12 15 15 20 20 20 4 4 4 7 5 5 5 8 18 18 18 18 16 16 16 16 9 9 9 9 20 20 20 16 16 16 9 9 9 10 10 10 10 10 4 4 14 9 9 8 17 17 17 4 ]
l = [ 12 15 15 20 20 20 4 4 4 7 5 5 5 8 18 18 18 18 16 16 16 16 9 9 9 9 20 20 20 16 16 16 9 9 9 10 10 10 10 10 4 4 14 9 9 8 17 17 17 4 ]
Pmin = [ 64 79 79 100 100 100 21 21 21 33 21 21 21 42 100 100 100 100 87 87 87 87 45 45 45 45 100 100 100 79 79 79 42 42 42 50 50 50 50 50 19 19 81 50 50 44 91 91 91 16 ]
Pmax = [ 247 330 330 420 420 420 50 50 50 106 39 39 39 143 416 416 416 416 330 330 330 330 158 158 158 158 415 415 415 327 327 327 160 160 160 192 192 192 192 192 34 34 316 174 174 149 367 367 367 50 ]
cf = [ 22.1497 61.5672 61.5672 20.9802 20.9802 20.9802 62.7225 62.7225 62.7225 23.0268 34.4563 34.4563 34.4563 16.0905 24.335 24.335 24.335 24.335 52.8444 52.8444 52.8444 52.8444 54.0753 54.0753 54.0753 54.0753 48.1824 48.1824 48.1824 32.613 32.613 32.613 57.8801 57.8801 57.8801 26.3515 26.3515 26.3515 26.3515 26.3515 46.679 46.679 60.1336 49.6003 49.6003 10.9796 21.5318 21.5318 21.5318 63.6407 ]
c0 = [ 173 207 207 250 250 250 83 83 83 105 66 66 66 118 250 250 250 250 226 226 226 226 131 131 131 131 250 250 250 208 208 208 114 114 114 138 138 138 138 138 61 61 212 136 136 138 232 232 232 55 ]
cp = [ 28.9178 12.9783 12.9783 9.89398 9.89398 9.89398 41.8312 41.8312 41.8312 36.2509 40.7088 40.7088 40.7088 36.6989 11.3498 11.3498 11.3498 11.3498 17.2733 17.2733 17.2733 17.2733 27.3481 27.3481 27.3481 27.3481 9.38204 9.38204 9.38204 16.9458 16.9458 16.9458 29.1548 29.1548 29.1548 34.5863 34.5863 34.5863 34.5863 34.5863 41.6747 41.6747 22.5299 31.4113 31.4113 29.1708 26.0056 26.0056 26.0056 40.9184 ]
D = [ 1359 1889 2275 2751 2969 3570 3960 4161 4339 4808 5299 5690 5859 6503 6705 7246 7591 8022 8358 8590 9019 9299 9516 9866 10269 10170 9445 9087 8748 8289 7853 7413 6648 6225 5888 6360 6630 7240 7539 8079 8321 8103 7101 6505 6096 5385 4494 4057 3662 3485 3863 4404 4435 4924 5132 5173 5695 5932 6140 6245 6614 6835 7213 7269 7792 7787 8089 8568 8662 9006 9250 9734 9824 9615 8966 8574 8424 7817 7504 7257 6669 6467 6030 6443 6773 7052 7700 7822 8532 7653 7069 6413 5949 5476 4607 3935 ]
