n = 50 ; 
T = 96 ; 
Init = [ 1 1 1 0 1 1 0 1 0 1 0 1 1 1 1 1 0 1 1 1 0 1 1 0 1 1 0 1 1 0 1 0 1 0 1 0 1 1 0 1 0 0 1 1 1 0 0 1 0 1 ]
L = [ 8 8 8 8 8 12 12 18 18 18 18 5 5 5 15 15 15 18 18 18 18 9 9 16 16 16 19 18 18 18 8 12 12 12 12 20 20 20 20 6 6 6 6 6 10 10 10 10 7 7 ]
l = [ 8 8 8 8 8 12 12 18 18 18 18 5 5 5 15 15 15 18 18 18 18 9 9 16 16 16 19 18 18 18 8 12 12 12 12 20 20 20 20 6 6 6 6 6 10 10 10 10 7 7 ]
Pmin = [ 37 37 37 37 37 60 60 100 100 100 100 18 18 18 72 72 72 100 100 100 100 52 52 85 85 85 100 92 92 92 40 72 72 72 72 100 100 100 100 26 26 26 26 26 52 52 52 52 36 36 ]
Pmax = [ 144 144 144 144 144 239 239 414 414 414 414 48 48 48 295 295 295 407 407 407 407 180 180 335 335 335 420 374 374 374 158 264 264 264 264 420 420 420 420 87 87 87 87 87 192 192 192 192 116 116 ]
cf = [ 62.3679 62.3679 62.3679 62.3679 62.3679 10.8311 10.8311 21.993 21.993 21.993 21.993 30.6436 30.6436 30.6436 21.0857 21.0857 21.0857 59.3912 59.3912 59.3912 59.3912 67.8894 67.8894 10.0224 10.0224 10.0224 36.6363 17.3207 17.3207 17.3207 46.0494 12.4816 12.4816 12.4816 12.4816 18.4975 18.4975 18.4975 18.4975 29.1024 29.1024 29.1024 29.1024 29.1024 14.7509 14.7509 14.7509 14.7509 46.3054 46.3054 ]
c0 = [ 118 118 118 118 118 158 158 250 250 250 250 64 64 64 200 200 200 250 250 250 250 147 147 220 220 220 250 234 234 234 112 184 184 184 184 250 250 250 250 83 83 83 83 83 140 140 140 140 97 97 ]
cp = [ 35.6686 35.6686 35.6686 35.6686 35.6686 26.2971 26.2971 10.6828 10.6828 10.6828 10.6828 39.2925 39.2925 39.2925 20.0761 20.0761 20.0761 11.9373 11.9373 11.9373 11.9373 19.8599 19.8599 19.5631 19.5631 19.5631 9.3579 10.5917 10.5917 10.5917 25.8701 26.0038 26.0038 26.0038 26.0038 9.27683 9.27683 9.27683 9.27683 37.1289 37.1289 37.1289 37.1289 37.1289 25.2396 25.2396 25.2396 25.2396 33.2127 33.2127 ]
D = [ 1745 2258 2304 2948 3542 3910 4193 4766 5052 5555 5682 6306 6834 7075 7582 7852 8055 8671 8913 9619 9934 10527 10503 11106 11675 11272 10707 10154 9613 9131 8298 7876 7499 6795 6609 6839 7503 7613 8008 8549 8753 8238 7379 7074 6391 5630 4692 3804 3492 3600 3893 4515 4562 4804 5388 5948 5859 6525 6717 6920 7409 7911 8365 8551 9036 9125 9595 9780 10212 10592 10803 11183 11827 10972 10623 9985 9247 8960 8604 8043 7518 6617 6333 6554 7087 7594 8030 8623 9450 8505 7727 6977 6189 5520 5104 3962 ]
