n = 50 ; 
T = 96 ; 
Init = [ 0 0 1 0 1 0 0 0 0 1 1 1 1 0 1 1 0 1 1 0 0 0 0 0 1 1 1 1 1 1 1 1 1 0 0 0 1 0 0 1 0 0 0 1 0 0 0 0 1 1 ]
L = [ 12 5 13 5 15 19 10 18 12 4 8 20 14 8 19 12 15 5 10 17 7 9 13 6 6 6 14 18 19 6 12 5 9 6 11 5 16 9 13 6 14 11 8 6 14 11 20 9 19 14 ]
l = [ 12 5 13 5 15 19 10 18 12 4 8 20 14 8 19 12 15 5 10 17 7 9 13 6 6 6 14 18 19 6 12 5 9 6 11 5 16 9 13 6 14 11 8 6 14 11 20 9 19 14 ]
Pmin = [ 66 17 70 25 75 100 52 100 67 20 40 100 73 42 100 68 88 29 53 93 27 45 68 25 31 28 75 100 100 31 61 22 45 22 55 16 88 48 71 28 77 54 41 30 78 55 100 50 97 72 ]
Pmax = [ 270 55 265 85 299 416 191 403 242 58 143 420 296 152 416 253 341 80 178 368 91 144 253 70 100 90 278 386 420 84 233 73 142 77 205 44 348 157 292 95 311 204 147 100 291 201 420 181 390 295 ]
cf = [ 60.3121 24.9943 30.4959 40.6108 26.468 11.5846 9.07385 65.9938 66.2548 9.3088 69.8874 63.1562 13.5098 54.0155 57.4784 65.6794 58.6525 15.3383 67.358 10.1479 57.3024 29.5323 27.2825 24.3231 29.8048 43.7994 47.3906 35.4305 14.9834 27.642 41.9924 68.2955 45.6363 65.4883 38.9063 65.1043 7.07289 40.9801 61.098 66.3277 43.2889 60.9854 59.4839 49.7987 45.001 46.9623 45.4781 33.6534 55.3005 42.8362 ]
c0 = [ 170 66 199 88 198 250 138 250 178 66 106 250 199 134 250 176 228 88 138 240 88 124 189 72 100 89 204 250 250 86 178 66 134 83 161 51 227 126 185 92 204 146 120 84 203 151 250 142 250 185 ]
cp = [ 31.3393 40.4787 21.8896 39.4592 21.9783 9.80041 29.9989 9.93719 16.3241 40.2946 25.9575 8.0932 16.9056 33.9659 10.3793 35.983 17.639 33.9482 36.0098 17.9011 33.2797 35.6337 17.4275 37.8803 40.4961 33.8933 17.7595 14.9667 19.4697 35.0186 29.28 40.4873 33.9958 38.4051 23.1789 41.6868 17.1086 32.6099 26.4337 32.468 26.522 30.961 24.4644 36.6492 26.9371 28.4877 8.16473 39.0936 10.6635 23.9076 ]
D = [ 1476 1861 2251 2708 2955 3430 3558 3983 4306 4568 5238 5312 5608 6082 6292 6623 6941 7270 8017 8270 8567 8901 9144 9361 9841 9626 9004 8724 8237 7559 7298 6577 6362 5720 5534 5744 6179 6724 7436 7848 8308 7770 7184 6444 5608 4886 4556 3692 3111 3553 3828 3940 4211 4659 4737 5208 5422 5657 5940 6389 6466 6887 6850 7401 7613 7916 8005 8332 8703 9130 9275 9577 9901 9543 9042 8520 8283 7646 7408 6764 6286 6042 5653 6001 6334 6577 7115 7379 8001 7428 6323 5627 5194 4195 3768 2839 ]
