n = 50 ; 
T = 96 ; 
Init = [ 1 1 0 0 0 0 0 1 0 0 0 1 0 1 1 0 1 0 0 1 0 0 1 1 0 1 0 0 1 1 0 0 0 0 1 0 1 1 1 1 1 1 0 1 0 1 0 1 0 0 ]
L = [ 10 18 14 10 10 16 9 5 18 10 7 7 6 15 17 8 19 19 14 17 7 15 14 6 9 12 14 9 13 20 11 18 8 13 9 9 11 18 15 18 8 16 18 19 8 9 13 18 10 11 ]
l = [ 10 18 14 10 10 16 9 5 18 10 7 7 6 15 17 8 19 19 14 17 7 15 14 6 9 12 14 9 13 20 11 18 8 13 9 9 11 18 15 18 8 16 18 19 8 9 13 18 10 11 ]
Pmin = [ 59 96 77 49 59 84 44 24 95 57 31 40 33 82 96 35 100 100 76 90 42 73 78 31 37 60 78 40 66 100 52 100 36 65 46 42 50 100 78 100 36 79 97 100 46 43 61 96 49 55 ]
Pmax = [ 215 375 283 173 220 344 174 77 385 213 107 122 96 322 376 122 419 417 280 363 136 294 307 105 141 243 297 148 266 409 211 393 134 266 163 137 197 402 321 406 140 312 391 420 146 166 244 381 198 221 ]
cf = [ 14.1975 28.069 40.5185 16.7848 23.0623 63.8652 15.1218 24.9867 36.7266 45.58 29.5118 14.0228 67.1383 22.8384 10.0155 43.0036 31.3117 33.3617 40.0685 32.1069 41.9242 66.3092 60.4704 39.7259 49.5469 66.49 28.2711 22.7148 37.5576 18.4369 23.6265 44.7551 39.5059 57.145 54.54 55.5682 51.0102 62.6618 10.5549 17.7368 38.2418 33.0667 24.7595 35.38 48.9052 27.7751 8.38364 10.2169 54.1368 41.4522 ]
c0 = [ 172 250 202 135 158 221 124 88 250 157 95 126 96 221 250 112 250 250 202 239 122 197 198 106 108 175 197 120 179 250 150 250 117 187 134 115 139 250 199 250 107 211 250 250 122 131 170 250 147 143 ]
cp = [ 26.2392 19.8562 12.4082 32.1156 23.7043 12.8626 37.542 36.8339 14.8408 25.1672 30.7526 39.8998 33.5134 16.4139 13.3833 36.899 8.55594 10.4582 19.9089 12.6122 32.2008 33.8927 23.87 38.3942 32.6582 22.612 26.9538 28.4606 17.7657 8.95699 32.5639 13.9836 36.5428 17.6053 35.206 28.7071 32.6426 10.9197 24.1062 11.8245 31.1211 20.3311 15.0116 11.5486 38.7366 29.0776 32.8927 13.2942 31.1527 18.4657 ]
D = [ 1612 2026 2361 2860 3390 3576 4116 4319 4955 5142 5325 5968 6120 6884 7122 7329 7763 7961 8594 9110 9413 9881 10247 10564 10884 10295 9709 9102 9094 8415 8064 7244 7094 6702 6006 6601 7101 7650 8563 8833 9684 8987 8107 7316 6518 5500 4542 3802 2909 3215 3695 4120 4321 4673 5081 5573 5564 6122 6453 6533 6875 7200 7670 7960 8107 8736 8787 9055 9620 9698 9985 10350 10776 10367 10070 9348 9158 8410 8388 7916 7149 6791 6420 6995 7641 7839 8580 8892 9322 8697 7882 6957 6331 5170 4700 3405 ]
