n = 50 ; 
T = 96 ; 
Init = [ 1 1 0 1 0 0 0 1 0 0 1 1 1 0 0 1 0 1 1 0 0 0 0 1 1 0 0 0 0 1 1 1 1 1 1 1 1 1 1 1 1 0 1 1 0 1 0 0 0 1 ]
L = [ 16 16 16 10 10 10 10 13 13 13 10 10 10 10 10 13 6 6 6 6 6 13 13 13 6 6 6 7 7 11 11 11 11 11 14 14 14 5 5 18 18 18 11 11 11 6 6 17 17 17 ]
l = [ 16 16 16 10 10 10 10 13 13 13 10 10 10 10 10 13 6 6 6 6 6 13 13 13 6 6 6 7 7 11 11 11 11 11 14 14 14 5 5 18 18 18 11 11 11 6 6 17 17 17 ]
Pmin = [ 79 79 79 48 48 48 48 70 70 70 55 55 55 55 55 66 27 27 27 27 27 64 64 64 21 21 21 41 41 56 56 56 56 56 69 69 69 22 22 98 98 98 53 53 53 32 32 87 87 87 ]
Pmax = [ 319 319 319 191 191 191 191 265 265 265 202 202 202 202 202 244 74 74 74 74 74 258 258 258 61 61 61 138 138 217 217 217 217 217 283 283 283 67 67 378 378 378 207 207 207 105 105 354 354 354 ]
cf = [ 12.6239 12.6239 12.6239 60.9846 60.9846 60.9846 60.9846 67.1967 67.1967 67.1967 32.1202 32.1202 32.1202 32.1202 32.1202 61.8741 13.6847 13.6847 13.6847 13.6847 13.6847 62.2994 62.2994 62.2994 61.7059 61.7059 61.7059 45.0123 45.0123 13.607 13.607 13.607 13.607 13.607 52.4758 52.4758 52.4758 11.5506 11.5506 10.7585 10.7585 10.7585 44.4173 44.4173 44.4173 15.4468 15.4468 36.0573 36.0573 36.0573 ]
c0 = [ 215 215 215 126 126 126 126 191 191 191 152 152 152 152 152 174 87 87 87 87 87 167 167 167 69 69 69 111 111 153 153 153 153 153 177 177 177 69 69 250 250 250 157 157 157 109 109 232 232 232 ]
cp = [ 18.1344 18.1344 18.1344 22.9317 22.9317 22.9317 22.9317 30.0624 30.0624 30.0624 24.1738 24.1738 24.1738 24.1738 24.1738 31.6108 38.5654 38.5654 38.5654 38.5654 38.5654 17.4841 17.4841 17.4841 41.1811 41.1811 41.1811 32.9081 32.9081 26.6006 26.6006 26.6006 26.6006 26.6006 33.1053 33.1053 33.1053 36.8247 36.8247 9.59609 9.59609 9.59609 35.0814 35.0814 35.0814 36.6645 36.6645 13.5132 13.5132 13.5132 ]
D = [ 1104 1594 1637 2085 2517 2804 3045 3475 3914 4389 4594 4971 5373 5663 5976 6199 6775 6869 7455 7509 8001 8363 8830 9021 9142 9013 8589 8192 7678 7251 6930 6591 5913 5696 5063 5764 5978 6534 6924 7638 7927 7461 6688 5916 5400 4600 4112 3430 2874 3128 3182 3522 3767 3839 4080 4313 4881 4796 5167 5530 5629 5828 6335 6519 6636 6984 7386 7287 7513 7795 8231 8308 8753 8150 8027 7469 7352 6987 6457 6150 5794 5475 4861 5234 5872 5983 6344 6902 7086 6647 5996 5509 5025 4234 3686 3476 ]
