n = 50 ; 
T = 96 ; 
Init = [ 1 1 0 0 0 0 0 0 0 0 0 0 1 0 0 0 0 1 1 0 0 1 1 1 0 0 1 1 0 0 0 1 1 0 1 1 1 1 1 1 1 1 1 0 0 1 1 0 0 0 ]
L = [ 6 6 6 6 6 11 11 11 11 11 6 6 6 11 11 12 12 12 12 12 18 18 11 11 11 11 11 17 17 17 17 17 15 15 15 15 19 19 5 5 5 5 5 18 18 5 5 5 5 11 ]
l = [ 6 6 6 6 6 11 11 11 11 11 6 6 6 11 11 12 12 12 12 12 18 18 11 11 11 11 11 17 17 17 17 17 15 15 15 15 19 19 5 5 5 5 5 18 18 5 5 5 5 11 ]
Pmin = [ 21 21 21 21 21 59 59 59 59 59 32 32 32 61 61 63 63 63 63 63 94 94 56 56 56 56 56 92 92 92 92 92 84 84 84 84 94 94 22 22 22 22 22 100 100 19 19 19 19 58 ]
Pmax = [ 75 75 75 75 75 223 223 223 223 223 107 107 107 216 216 239 239 239 239 239 389 389 213 213 213 213 213 369 369 369 369 369 338 338 338 338 384 384 72 72 72 72 72 416 416 48 48 48 48 213 ]
cf = [ 64.4692 64.4692 64.4692 64.4692 64.4692 41.3526 41.3526 41.3526 41.3526 41.3526 30.5941 30.5941 30.5941 26.8935 26.8935 36.3848 36.3848 36.3848 36.3848 36.3848 69.4263 69.4263 29.935 29.935 29.935 29.935 29.935 49.6671 49.6671 49.6671 49.6671 49.6671 33.4319 33.4319 33.4319 33.4319 45.042 45.042 41.2006 41.2006 41.2006 41.2006 41.2006 18.054 18.054 66.5476 66.5476 66.5476 66.5476 25.6764 ]
c0 = [ 64 64 64 64 64 172 172 172 172 172 108 108 108 163 163 181 181 181 181 181 250 250 166 166 166 166 166 232 232 232 232 232 212 212 212 212 240 240 71 71 71 71 71 250 250 67 67 67 67 151 ]
cp = [ 36.3427 36.3427 36.3427 36.3427 36.3427 25.3387 25.3387 25.3387 25.3387 25.3387 34.1683 34.1683 34.1683 30.3691 30.3691 23.2231 23.2231 23.2231 23.2231 23.2231 14.6221 14.6221 28.4128 28.4128 28.4128 28.4128 28.4128 14.4404 14.4404 14.4404 14.4404 14.4404 20.2797 20.2797 20.2797 20.2797 13.1021 13.1021 33.1275 33.1275 33.1275 33.1275 33.1275 9.04997 9.04997 37.1589 37.1589 37.1589 37.1589 29.4545 ]
D = [ 1480 1708 2307 2440 2804 3094 3470 3863 4108 4655 5054 5316 5420 5979 6390 6776 7157 7273 7789 7894 8280 8753 8861 9248 9907 9055 8817 8235 7960 7357 6941 6431 6128 5547 5241 5406 6055 6230 6859 6989 7365 7051 6520 5658 5141 4674 3853 3370 2934 3181 3417 3762 3817 4350 4466 4798 4961 5446 5519 5981 6205 6455 6743 6736 7210 7639 7603 7935 8422 8530 8934 9126 9420 8789 8566 8074 7725 7017 6590 6285 5966 5501 4850 5278 6038 6612 7096 7328 8113 7229 6898 6049 5557 4823 4109 3400 ]
