n = 50 ; 
T = 96 ; 
Init = [ 1 0 1 0 1 1 0 1 1 0 0 1 0 1 1 1 0 1 1 1 0 0 1 0 0 1 0 0 1 1 0 0 1 0 0 0 1 0 1 0 0 0 1 0 1 0 0 1 0 1 ]
L = [ 16 5 8 8 13 19 7 14 7 17 6 14 13 12 14 19 8 11 13 11 18 17 7 11 4 6 20 19 10 16 6 13 10 18 7 16 9 15 12 18 19 6 20 17 13 9 5 9 9 10 ]
l = [ 16 5 8 8 13 19 7 14 7 17 6 14 13 12 14 19 8 11 13 11 18 17 7 11 4 6 20 19 10 16 6 13 10 18 7 16 9 15 12 18 19 6 20 17 13 9 5 9 9 10 ]
Pmin = [ 87 21 39 49 68 100 32 75 35 93 29 74 61 59 68 100 38 51 70 54 99 91 35 57 21 30 100 95 51 78 35 70 49 100 35 87 48 80 67 95 100 22 100 89 67 48 26 48 46 52 ]
Pmax = [ 351 66 156 166 250 407 121 298 116 366 85 287 247 229 275 420 140 208 264 216 409 356 126 204 41 83 420 396 185 326 109 252 187 396 108 362 189 303 262 369 420 79 420 355 263 176 61 172 166 188 ]
cf = [ 49.433 47.8888 24.5922 30.3922 40.5872 59.936 30.7462 61.9896 25.8034 66.9612 49.2375 27.876 20.2207 9.4235 44.4193 33.8563 51.4247 67.3887 32.4348 25.2072 39.3543 51.6321 57.0151 7.162 22.112 38.808 19.2744 51.9437 38.0906 22.5616 63.6864 17.5236 63.4504 18.2786 40.9158 34.0376 8.2146 64.6619 26.0272 27.018 61.6231 68.2647 47.894 11.8439 7.68816 22.3133 38.7002 52.1129 19.702 64.135 ]
c0 = [ 235 74 110 149 180 250 104 210 100 241 99 209 162 156 189 250 108 152 195 155 250 231 110 167 73 83 250 249 146 216 96 183 136 250 99 234 134 224 185 250 250 74 250 236 186 130 83 148 121 139 ]
cp = [ 19.8886 39.709 37.1677 27.7411 25.2298 13.2444 36.2465 23.3335 37.2095 19.4223 35.1182 24.1265 21.4579 24.7944 24.3481 8.26015 33.1732 26.5776 30.2949 37.806 12.1956 13.1006 34.0445 28.8763 41.3313 34.4468 9.41509 10.1349 24.6183 10.9949 37.7804 31.235 33.1631 11.5093 33.8084 19.7906 31.194 24.9391 29.5345 11.7632 8.81979 37.6956 9.71147 10.2918 17.0022 32.7397 40.4534 34.4722 29.1471 30.2642 ]
D = [ 1334 1480 2165 2407 2915 3020 3566 4199 4178 4855 5190 5583 6070 6356 6930 7424 7500 8123 8466 8742 9334 9785 10182 10407 10619 10457 9842 9497 8823 8293 7911 7301 6979 6415 6110 6417 7008 7369 7906 8539 9175 8402 7318 6795 5905 5458 4562 3812 3176 3547 3500 3990 4230 4789 5090 5284 5481 5657 6015 6597 6488 7117 7323 7538 7737 8075 8424 9056 9052 9619 9639 9930 10343 10035 9591 9006 8564 7895 7612 7031 6426 6254 5391 6102 6634 7147 7281 7703 8086 7693 6882 6270 5734 5288 4585 3941 ]
