n = 50 ; 
T = 96 ; 
Init = [ 0 0 1 1 1 0 1 0 1 1 0 1 1 1 1 1 1 1 1 0 1 0 0 1 1 1 1 1 1 1 1 1 0 0 0 1 1 1 1 0 1 1 1 0 1 1 0 0 0 1 ]
L = [ 7 7 13 10 12 10 17 14 14 8 20 19 18 12 13 11 14 4 10 4 10 5 14 8 10 5 18 8 12 9 14 9 14 14 15 8 18 19 15 9 5 7 7 11 14 7 17 8 9 7 ]
l = [ 7 7 13 10 12 10 17 14 14 8 20 19 18 12 13 11 14 4 10 4 10 5 14 8 10 5 18 8 12 9 14 9 14 14 15 8 18 19 15 9 5 7 7 11 14 7 17 8 9 7 ]
Pmin = [ 37 45 72 47 66 55 93 76 75 41 100 100 100 70 69 60 72 22 56 19 47 25 73 43 57 20 100 43 60 46 72 51 74 69 82 42 94 97 85 44 17 34 37 65 68 33 95 39 47 41 ]
Pmax = [ 129 142 271 160 238 188 357 302 289 129 420 417 402 267 279 226 281 50 202 64 187 91 284 147 192 39 388 136 230 167 276 175 292 277 320 156 387 393 330 150 53 108 122 239 273 98 389 133 170 126 ]
cf = [ 59.2335 44.9801 40.126 28.9697 59.2959 19.8485 10.4985 58.5743 13.3074 27.8783 28.338 66.0087 22.2719 36.1344 58.8118 22.173 57.7043 54.4755 14.4665 17.2646 44.5882 24.1189 7.23384 66.671 37.524 53.8412 9.73684 22.0931 51.2759 9.0971 58.9761 40.5095 47.0772 29.102 62.4792 36.3731 41.9505 65.9776 24.9473 48.2579 23.8559 46.2853 44.2666 39.1278 12.4197 33.0783 54.3009 63.124 17.5538 61.7673 ]
c0 = [ 113 131 183 124 174 144 250 193 211 114 250 250 250 198 192 166 187 83 164 75 137 92 197 118 161 73 250 133 160 133 202 153 191 196 228 119 250 250 223 136 54 111 107 171 189 92 250 126 146 122 ]
cp = [ 27.5066 33.1095 29.2436 34.866 25.1181 33.4593 13.5725 18.3114 22.5818 34.8249 8.0373 8.94192 11.7221 14.5053 23.6747 29.0317 28.9216 41.1251 29.2625 40.967 15.333 39.0336 31.1208 31.5707 27.8104 38.7037 14.4126 21.5879 26.3546 31.9343 33.8113 30.0622 24.7636 23.0123 26.4617 32.1293 9.84515 10.2339 16.628 33.7376 38.5857 28.5979 32.3514 28.5817 23.639 22.8992 12.548 30.4505 36.0626 30.4416 ]
D = [ 1184 1594 1909 2292 2472 2929 3222 3277 3779 3950 4660 4984 5193 5638 5683 6051 6330 6956 7310 7554 7999 8064 8453 8958 9142 8703 8587 7947 7670 7518 7159 6416 6340 5961 5694 5854 6418 6930 7238 7968 8316 7368 6884 5903 5494 4720 3771 2877 2136 2560 3125 3177 3422 3711 4280 4308 4603 5222 5538 5818 6106 6555 6513 6857 7158 7390 8055 8155 8650 8650 9088 9555 9782 9307 8843 8549 7836 7316 6997 6529 6122 5627 5329 5787 6202 6664 7268 7666 8007 7493 6736 6359 5553 4872 4098 3711 ]
