n = 50 ; 
T = 96 ; 
Init = [ 0 0 1 1 0 0 1 0 0 1 0 0 1 1 0 1 1 1 0 1 0 0 1 0 0 0 1 0 0 1 0 0 1 1 1 0 1 0 0 1 1 0 1 0 1 1 1 0 0 1 ]
L = [ 20 10 19 8 5 8 7 6 11 15 8 15 6 9 6 4 15 5 9 15 14 5 6 5 20 16 14 13 17 16 6 16 19 17 17 12 16 13 18 7 20 7 14 14 13 13 11 14 7 20 ]
l = [ 20 10 19 8 5 8 7 6 11 15 8 15 6 9 6 4 15 5 9 15 14 5 6 5 20 16 14 13 17 16 6 16 19 17 17 12 16 13 18 7 20 7 14 14 13 13 11 14 7 20 ]
Pmin = [ 100 48 100 43 28 39 39 35 63 86 38 79 33 45 23 19 73 22 43 71 80 16 31 25 100 86 72 70 87 80 32 87 100 97 85 58 90 76 92 31 100 33 79 75 67 62 57 77 38 100 ]
Pmax = [ 420 187 420 137 74 144 121 99 224 322 150 313 106 156 78 46 299 53 169 288 299 46 83 67 420 356 271 281 338 333 99 355 416 391 351 234 349 279 384 96 420 124 291 300 248 247 198 290 117 420 ]
cf = [ 21.6902 64.2035 50.5988 49.6248 47.9875 35.323 56.8375 43.3393 10.4004 50.1043 30.1434 47.4615 38.6497 62.715 35.5622 16.3565 57.1968 36.3403 52.2726 59.2613 60.3143 58.6701 69.5343 24.8362 45.8732 37.6105 20.7239 19.1119 28.9431 28.787 34.5097 43.6333 22.9904 15.1085 23.2581 63.9779 43.4315 10.0956 37.3172 46.832 53.1999 60.4606 24.2935 21.8496 53.1755 52.8557 31.2061 40.3723 19.1959 13.4787 ]
c0 = [ 250 142 250 133 87 108 124 97 170 227 106 201 104 125 77 73 194 68 130 189 220 59 94 87 250 220 205 191 238 220 102 236 250 250 228 169 227 204 231 93 250 92 210 208 181 179 159 214 105 250 ]
cp = [ 9.78978 33.5426 10.5433 32.5802 41.7329 33.8871 36.104 37.6458 21.5328 17.068 34.6329 15.5965 32.9568 28.8382 37.1508 39.788 17.2776 36.0367 31.9573 23.9703 18.5485 39.8393 40.1491 39.0615 8.7271 11.1508 19.4706 16.2644 22.5313 20.6911 38.9129 18.1589 12.1659 11.3631 12.6417 18.4655 13.8034 23.3163 14.8698 36.0478 8.76959 32.3751 24.683 21.9033 21.4485 22.031 26.7793 15.6604 36.8097 8.69808 ]
D = [ 1580 2076 2298 2744 2852 3533 3562 4195 4266 4697 4930 5298 6039 6029 6595 6946 7442 7602 8148 8167 8555 9099 9419 9874 10264 9710 9450 8859 8252 7729 7125 7077 6232 5951 5531 5866 6420 7102 7252 7978 8272 7628 7232 6319 5766 5119 4657 3783 3367 3578 3992 4052 4476 4774 5160 5536 5705 6057 6521 6884 6831 7132 7551 7682 8096 8283 8670 9072 9495 9602 10082 10030 10767 10213 9615 9000 8783 7999 7468 7090 6676 6259 5641 6408 6586 7570 7953 8460 9037 8189 7363 6651 5805 5098 4216 3025 ]
