n = 50 ; 
T = 96 ; 
Init = [ 1 1 0 1 0 0 0 0 0 1 0 1 1 1 0 0 0 1 1 1 1 1 0 1 1 0 1 0 0 1 1 1 0 0 0 0 0 0 0 1 1 1 0 1 0 0 1 0 1 0 ]
L = [ 4 11 6 13 9 9 16 12 17 8 7 15 7 6 16 12 14 20 15 13 10 17 17 11 20 9 18 15 15 7 5 9 8 11 4 9 6 14 13 14 15 12 20 8 19 6 9 20 13 14 ]
l = [ 4 11 6 13 9 9 16 12 17 8 7 15 7 6 16 12 14 20 15 13 10 17 17 11 20 9 18 15 15 7 5 9 8 11 4 9 6 14 13 14 15 12 20 8 19 6 9 20 13 14 ]
Pmin = [ 22 58 25 73 37 43 90 68 95 37 36 74 36 22 87 64 72 100 84 73 48 92 91 59 100 42 95 79 86 30 26 48 40 49 20 49 25 82 73 77 82 70 100 38 97 23 42 100 68 81 ]
Pmax = [ 42 200 80 286 138 156 352 244 384 140 102 304 133 71 354 263 269 420 320 281 176 355 364 207 415 145 390 329 323 89 62 159 133 189 62 167 68 309 272 280 304 262 420 146 408 76 162 420 257 299 ]
cf = [ 58.2948 8.16443 50.7381 47.7162 11.8676 54.3129 37.3559 29.9382 67.0402 7.01941 21.2425 12.8425 52.007 17.1076 68.6281 11.2205 11.3458 13.5888 46.0476 15.2992 38.1811 24.0956 10.276 9.16033 62.1153 36.7339 68.8249 48.8414 19.6919 68.6081 34.6778 7.9867 69.7725 15.4159 48.7029 11.6402 62.7288 16.0589 34.5784 59.769 16.0783 48.8209 65.6116 61.0853 58.9285 64.2397 65.3057 63.2742 7.82853 41.3533 ]
c0 = [ 67 151 88 199 120 118 230 178 243 101 115 191 117 75 227 168 189 250 234 187 127 250 247 154 250 130 244 205 228 103 76 141 127 148 66 149 73 219 187 203 221 200 250 116 250 87 128 250 195 221 ]
cp = [ 40.5438 18.5386 38.2494 26.4827 28.3557 26.372 25.3322 22.6824 16.1082 32.4086 35.2145 14.3419 28.2637 40.2588 24.6361 22.1095 26.6058 8.29915 16.2861 16.75 32.6951 19.1972 9.2502 34.3006 8.55296 23.118 13.3805 19.515 14.1725 34.2458 38.8824 36.4235 29.1646 24.3053 41.1651 20.345 40.1823 20.566 32.1432 17.5316 12.344 16.2799 10.3539 25.429 11.2539 39.1596 27.7329 8.70194 22.2933 23.7595 ]
D = [ 1252 1545 1891 2172 2710 2954 3445 3790 4026 4579 4709 5132 5600 5848 5950 6599 6986 7324 7640 7995 8318 8672 9034 9342 9751 9137 8899 8309 8290 7716 7337 6931 6293 5903 5875 6303 6686 7224 7638 7900 8634 8123 7298 6534 5914 5288 4361 3770 3133 3382 3896 4078 4497 4826 4941 5191 5548 6118 6136 6508 7002 7421 7697 7792 8145 8657 8550 9064 9422 9678 9788 10192 10647 10050 9691 9061 8541 8173 7697 7260 6833 6107 5999 6098 6718 6831 7327 7541 8370 7571 6845 6401 5713 4954 4296 3653 ]
