n = 50 ; 
T = 96 ; 
Init = [ 1 0 1 1 1 1 0 1 0 0 0 0 0 1 1 0 1 0 1 0 1 0 0 0 1 0 0 1 0 1 0 1 1 1 0 0 1 1 1 1 1 1 1 1 0 0 1 1 0 0 ]
L = [ 13 13 13 13 13 14 14 14 15 15 15 13 13 13 13 10 10 10 10 10 15 15 15 15 7 7 7 7 7 12 14 19 19 19 7 7 7 7 7 14 14 10 10 10 10 15 15 15 15 15 ]
l = [ 13 13 13 13 13 14 14 14 15 15 15 13 13 13 13 10 10 10 10 10 15 15 15 15 7 7 7 7 7 12 14 19 19 19 7 7 7 7 7 14 14 10 10 10 10 15 15 15 15 15 ]
Pmin = [ 67 67 67 67 67 74 74 74 84 84 84 73 73 73 73 51 51 51 51 51 80 80 80 80 39 39 39 39 39 61 71 100 100 100 39 39 39 39 39 74 74 57 57 57 57 80 80 80 80 80 ]
Pmax = [ 248 248 248 248 248 279 279 279 339 339 339 283 283 283 283 198 198 198 198 198 320 320 320 320 140 140 140 140 140 239 268 417 417 417 122 122 122 122 122 298 298 196 196 196 196 306 306 306 306 306 ]
cf = [ 8.11446 8.11446 8.11446 8.11446 8.11446 9.47305 9.47305 9.47305 14.4776 14.4776 14.4776 20.3769 20.3769 20.3769 20.3769 10.8349 10.8349 10.8349 10.8349 10.8349 57.4974 57.4974 57.4974 57.4974 66.8541 66.8541 66.8541 66.8541 66.8541 50.2254 42.8107 42.4619 42.4619 42.4619 8.59766 8.59766 8.59766 8.59766 8.59766 10.9994 10.9994 39.3594 39.3594 39.3594 39.3594 46.2681 46.2681 46.2681 46.2681 46.2681 ]
c0 = [ 180 180 180 180 180 194 194 194 225 225 225 194 194 194 194 152 152 152 152 152 210 210 210 210 111 111 111 111 111 177 185 250 250 250 120 120 120 120 120 201 201 158 158 158 158 210 210 210 210 210 ]
cp = [ 21.8456 21.8456 21.8456 21.8456 21.8456 15.4033 15.4033 15.4033 16.7584 16.7584 16.7584 27.5866 27.5866 27.5866 27.5866 35.8113 35.8113 35.8113 35.8113 35.8113 20.4948 20.4948 20.4948 20.4948 29.1836 29.1836 29.1836 29.1836 29.1836 26.1348 24.1751 9.02033 9.02033 9.02033 31.6941 31.6941 31.6941 31.6941 31.6941 17.1001 17.1001 29.6378 29.6378 29.6378 29.6378 18.4514 18.4514 18.4514 18.4514 18.4514 ]
D = [ 2320 2732 3138 3376 3819 4097 4297 4913 5076 5276 5628 6083 6641 6801 7421 7799 8246 8290 8504 8974 9459 9741 10094 10690 10726 10586 10046 9746 8964 8442 7930 7440 6968 6982 6367 6821 7115 7666 7891 7984 8373 7995 7104 6613 6032 4916 4440 3943 3025 3466 3955 3953 4317 4971 5131 5437 5560 6177 6474 7074 7058 7426 7936 8089 8782 9003 9162 9686 9709 10070 10706 10789 11367 10845 10279 9572 9353 8650 7931 7523 6916 6823 6068 6576 7405 7562 8513 9119 9548 8541 7973 7095 6111 5226 4155 3518 ]
