n = 50 ; 
T = 96 ; 
Init = [ 1 1 1 1 0 1 0 1 0 1 1 0 0 1 1 0 0 0 1 0 1 0 0 1 0 1 0 0 0 1 1 1 0 0 0 0 0 1 1 0 0 0 1 0 0 0 1 0 1 0 ]
L = [ 14 14 14 14 7 7 7 7 18 18 18 15 20 20 20 20 8 8 8 13 13 13 13 13 20 20 9 15 15 15 15 15 12 12 12 12 12 9 16 16 16 16 9 9 9 9 9 7 7 7 ]
l = [ 14 14 14 14 7 7 7 7 18 18 18 15 20 20 20 20 8 8 8 13 13 13 13 13 20 20 9 15 15 15 15 15 12 12 12 12 12 9 16 16 16 16 9 9 9 9 9 7 7 7 ]
Pmin = [ 77 77 77 77 33 33 33 33 100 100 100 84 100 100 100 100 38 38 38 70 70 70 70 70 100 100 48 82 82 82 82 82 64 64 64 64 64 48 79 79 79 79 43 43 43 43 43 38 38 38 ]
Pmax = [ 302 302 302 302 120 120 120 120 396 396 396 328 420 420 420 420 131 131 131 277 277 277 277 277 420 420 169 317 317 317 317 317 238 238 238 238 238 177 312 312 312 312 170 170 170 170 170 113 113 113 ]
cf = [ 16.0012 16.0012 16.0012 16.0012 7.67816 7.67816 7.67816 7.67816 61.7262 61.7262 61.7262 48.9136 11.605 11.605 11.605 11.605 24.8156 24.8156 24.8156 7.5223 7.5223 7.5223 7.5223 7.5223 69.7229 69.7229 13.8263 43.0724 43.0724 43.0724 43.0724 43.0724 54.4476 54.4476 54.4476 54.4476 54.4476 36.3005 49.8359 49.8359 49.8359 49.8359 14.8854 14.8854 14.8854 14.8854 14.8854 30.6704 30.6704 30.6704 ]
c0 = [ 208 208 208 208 103 103 103 103 250 250 250 215 250 250 250 250 115 115 115 197 197 197 197 197 250 250 140 226 226 226 226 226 178 178 178 178 178 132 210 210 210 210 122 122 122 122 122 118 118 118 ]
cp = [ 22.845 22.845 22.845 22.845 39.4445 39.4445 39.4445 39.4445 12.1826 12.1826 12.1826 22.1489 9.42001 9.42001 9.42001 9.42001 31.9977 31.9977 31.9977 33.2438 33.2438 33.2438 33.2438 33.2438 8.90575 8.90575 27.8542 27.4606 27.4606 27.4606 27.4606 27.4606 14.6401 14.6401 14.6401 14.6401 14.6401 25.056 13.838 13.838 13.838 13.838 32.5548 32.5548 32.5548 32.5548 32.5548 35.9885 35.9885 35.9885 ]
D = [ 2315 2324 2997 3242 3491 3959 4626 4731 5432 5438 5802 6436 6899 7383 7438 7909 8241 8821 9154 9444 9761 10083 10644 11049 11442 11002 10247 9615 9116 8968 8562 8027 7501 6877 6200 6682 7284 8033 8739 9655 10024 9184 8317 7238 6496 5804 4810 4013 3131 3295 3407 3980 4406 4400 4986 5271 5372 5936 6207 6701 6596 7222 7685 7697 7891 8639 8893 9139 9406 9980 9869 10337 10808 10519 9590 9631 8837 8232 8052 7433 7170 6777 6405 6749 7540 7934 8236 8802 9435 8807 8160 6981 6147 5638 4650 3684 ]
