n = 50 ; 
T = 96 ; 
Init = [ 0 1 0 0 1 1 1 1 1 0 1 1 1 1 0 1 0 1 0 0 0 0 0 1 0 0 1 1 0 1 1 0 0 1 0 1 0 1 1 1 1 0 0 1 1 0 0 0 1 0 ]
L = [ 17 19 19 19 17 5 17 12 10 18 13 13 16 18 8 6 17 6 9 5 8 13 6 9 9 9 12 6 14 17 19 8 14 12 12 18 12 9 15 6 16 5 14 10 8 17 17 5 16 19 ]
l = [ 17 19 19 19 17 5 17 12 10 18 13 13 16 18 8 6 17 6 9 5 8 13 6 9 9 9 12 6 14 17 19 8 14 12 12 18 12 9 15 6 16 5 14 10 8 17 17 5 16 19 ]
Pmin = [ 95 100 98 100 89 24 94 61 56 97 73 72 80 95 36 30 89 25 44 23 35 70 27 41 44 48 61 36 80 92 100 46 70 66 65 100 69 50 76 38 88 18 76 46 40 95 87 22 84 100 ]
Pmax = [ 385 415 394 420 361 61 363 231 215 382 294 270 316 381 133 77 360 85 141 72 135 285 87 155 161 162 235 109 309 378 414 143 272 238 250 403 263 191 304 115 333 46 288 173 124 362 354 78 343 420 ]
cf = [ 48.0889 33.2916 34.4535 45.3183 45.0791 49.8496 34.3333 53.7856 17.588 31.8711 9.17727 59.1677 59.8756 38.9333 56.3865 16.6485 27.54 37.6497 15.8785 64.7501 57.3732 35.8452 37.1145 20.4351 13.3539 36.3615 44.8723 40.5432 47.7576 40.3126 8.19406 25.8465 66.6042 35.6476 64.1648 41.6833 15.4972 28.4981 25.4689 26.0852 53.3692 27.6462 15.2529 43.2448 59.5794 64.6394 52.8933 17.1194 32.2891 61.7718 ]
c0 = [ 249 250 250 250 232 84 250 174 159 250 207 186 209 246 119 100 227 82 118 77 104 199 96 112 123 144 161 109 224 238 250 130 189 190 173 250 192 152 205 110 229 67 202 135 128 247 229 69 232 250 ]
cp = [ 10.8064 10.7674 11.9809 8.81194 15.9311 34.0736 11.9059 20.1505 35.5336 14.5863 18.0172 24.5392 23.9244 19.3953 23.6962 26.3904 31.5148 36.7638 28.111 34.9774 26.9748 26.8728 35.4862 36.5073 37.508 25.4506 32.0148 32.5755 31.0002 11.6566 9.13226 18.8201 24.4742 20.252 16.3452 12.8774 25.3185 25.5732 13.9918 36.0189 22.4604 40.0769 21.7575 34.2748 40.4096 12.0999 12.1442 40.9215 12.359 9.26758 ]
D = [ 1265 1470 1868 2725 2985 3327 3938 4333 4504 4878 5492 5490 6146 6377 6835 7496 7936 8196 8280 8934 9320 9925 10006 10601 10839 10234 10017 9403 8859 8270 8070 7533 6747 6545 5981 6569 6857 7536 8118 8658 8828 8334 7182 6801 5654 5042 4437 3812 2940 2987 3691 4009 4350 4469 4754 5016 5446 5705 6175 6431 6638 7174 7679 8043 8158 8680 8692 9080 9701 10099 10107 10401 10961 10305 9807 9405 9143 8645 8292 7623 7318 6850 6163 6836 7122 7839 7955 8818 8975 8436 7464 6702 5881 5559 4343 3783 ]
