n = 50 ; 
T = 96 ; 
Init = [ 0 1 1 0 1 1 1 0 0 1 0 0 0 0 0 1 0 0 0 0 1 1 1 1 1 0 1 1 1 0 1 1 1 1 1 0 0 0 0 1 1 0 1 0 0 1 1 1 1 0 ]
L = [ 7 13 9 17 16 6 4 15 15 7 17 11 17 19 13 20 10 6 11 10 6 5 20 15 20 5 17 6 7 14 13 12 18 5 9 18 9 16 5 9 18 11 8 5 12 19 17 17 14 12 ]
l = [ 7 13 9 17 16 6 4 15 15 7 17 11 17 19 13 20 10 6 11 10 6 5 20 15 20 5 17 6 7 14 13 12 18 5 9 18 9 16 5 9 18 11 8 5 12 19 17 17 14 12 ]
Pmin = [ 33 64 44 91 84 29 15 85 80 29 91 58 90 99 70 100 49 28 55 55 25 26 100 81 100 23 86 31 40 74 65 67 100 27 51 96 46 87 21 51 100 58 38 24 64 100 91 88 78 68 ]
Pmax = [ 115 261 147 350 319 87 35 317 322 108 361 206 355 398 265 409 178 104 201 187 87 91 420 316 420 70 341 103 139 298 262 244 410 69 188 397 164 331 73 176 390 215 129 68 259 420 380 347 311 255 ]
cf = [ 43.8552 20.0638 38.5893 20.9288 65.0169 18.0984 65.3088 57.6486 62.4024 18.505 68.9297 19.8187 67.0625 43.5088 27.1189 59.3084 12.595 68.8347 19.7035 7.21154 41.7032 39.8134 42.0359 18.0339 42.8981 10.0616 53.3577 61.7529 42.7692 54.0331 24.2991 16.6244 67.0969 55.8884 30.5532 62.1138 66.9868 25.862 49.7623 59.3892 37.367 48.692 9.20797 34.4295 22.2008 29.3269 23.7378 27.7958 28.1616 36.4414 ]
c0 = [ 101 173 134 230 232 93 56 223 221 102 243 151 243 250 200 250 128 89 145 144 74 75 250 219 250 82 237 99 111 192 174 188 250 79 153 250 135 228 80 145 250 162 115 70 174 250 235 234 197 182 ]
cp = [ 27.9685 25.433 24.4513 14.4207 14.0673 36.3676 41.6745 24.5976 13.5757 38.7043 9.59745 27.2443 12.8011 9.98205 22.8695 8.40143 28.9537 39.4619 24.4549 34.6625 34.6632 39.5576 10.5927 19.0414 9.41905 37.0162 11.4863 40.117 38.9713 15.9953 27.0979 33.8802 12.925 41.9245 21.0689 13.4326 28.0721 22.9889 40.4984 26.1571 11.8061 27.9437 40.1018 40.9518 23.9073 12.7051 20.3214 10.1314 21.602 31.4431 ]
D = [ 1584 2154 2480 2699 3128 3538 4003 4375 4692 5075 5259 5810 6228 6575 6836 7326 7976 8321 8518 8888 9610 9860 10188 10473 11193 10705 10049 9683 9243 8541 8255 7580 7056 6704 6323 6677 6718 7252 7586 8019 8076 7719 6893 6493 6090 5134 4831 4219 3515 3638 4232 4438 4859 5104 5355 5560 6006 6067 6700 6812 7444 7609 7873 8216 8359 8700 9210 9591 9701 9938 10510 10726 10789 10496 9923 9236 8904 8252 7520 7086 6714 6266 5727 6118 6726 7248 8000 8276 9016 8203 7327 6500 5541 5086 3824 3165 ]
