n = 50 ; 
T = 96 ; 
Init = [ 1 1 1 0 0 1 0 0 1 0 0 0 0 1 1 1 0 1 0 1 0 1 1 1 0 0 1 0 0 0 0 1 1 1 0 1 0 0 1 1 0 1 1 0 0 1 0 1 0 0 ]
L = [ 10 10 10 15 15 17 17 17 10 10 16 16 16 16 16 7 7 17 17 5 4 4 4 4 4 5 9 9 9 9 18 18 18 8 5 5 14 12 12 12 12 12 18 18 18 18 14 13 13 13 ]
l = [ 10 10 10 15 15 17 17 17 10 10 16 16 16 16 16 7 7 17 17 5 4 4 4 4 4 5 9 9 9 9 18 18 18 8 5 5 14 12 12 12 12 12 18 18 18 18 14 13 13 13 ]
Pmin = [ 49 49 49 82 82 87 87 87 53 53 87 87 87 87 87 26 26 81 81 27 18 18 18 18 18 26 47 47 47 47 100 100 100 38 17 17 77 61 61 61 61 61 100 100 100 100 73 72 72 72 ]
Pmax = [ 180 180 180 316 316 355 355 355 197 197 335 335 335 335 335 86 86 335 335 66 41 41 41 41 41 82 163 163 163 163 393 393 393 146 59 59 280 239 239 239 239 239 394 394 394 394 289 280 280 280 ]
cf = [ 51.7021 51.7021 51.7021 60.1049 60.1049 20.4236 20.4236 20.4236 66.9733 66.9733 17.4921 17.4921 17.4921 17.4921 17.4921 15.5408 15.5408 38.9036 38.9036 57.5672 8.86606 8.86606 8.86606 8.86606 8.86606 18.5747 9.81908 9.81908 9.81908 9.81908 28.4846 28.4846 28.4846 10.5957 57.2416 57.2416 49.4569 56.0964 56.0964 56.0964 56.0964 56.0964 17.1819 17.1819 17.1819 17.1819 43.3133 61.3383 61.3383 61.3383 ]
c0 = [ 132 132 132 217 217 220 220 220 157 157 233 233 233 233 233 85 85 212 212 75 61 61 61 61 61 85 133 133 133 133 250 250 250 108 64 64 205 166 166 166 166 166 250 250 250 250 194 197 197 197 ]
cp = [ 22.4797 22.4797 22.4797 19.3197 19.3197 13.8361 13.8361 13.8361 36.5144 36.5144 20.8901 20.8901 20.8901 20.8901 20.8901 40.5778 40.5778 15.8707 15.8707 35.7265 41.5357 41.5357 41.5357 41.5357 41.5357 37.2404 29.2126 29.2126 29.2126 29.2126 11.015 11.015 11.015 29.9648 37.8509 37.8509 27.3756 15.7648 15.7648 15.7648 15.7648 15.7648 15.9875 15.9875 15.9875 15.9875 23.5311 31.0106 31.0106 31.0106 ]
D = [ 1494 1848 2083 2534 2780 3162 3571 4035 4624 4705 5269 5708 5900 6278 6702 7109 7370 7716 8018 8488 9093 9234 9506 10088 10257 10063 9634 9059 8701 8071 7712 7090 6438 6393 5846 5954 6350 6725 7376 7531 8065 7324 6871 6095 5356 4497 3752 3353 2340 2918 3143 3595 3766 3894 4466 4485 5185 5157 5455 6133 6036 6485 6693 7013 7701 7652 8095 8302 8968 8895 9531 9600 9951 9683 9267 8749 8436 7621 7219 6759 6659 6166 5388 6103 6382 7273 7691 7899 8447 8026 7320 6180 5436 4622 3940 3114 ]
