n = 50 ; 
T = 96 ; 
Init = [ 1 0 0 1 0 0 0 1 1 1 1 1 1 1 0 0 1 0 1 0 1 1 0 1 1 0 1 1 1 1 0 0 0 0 0 0 0 0 1 1 0 1 0 1 0 1 1 1 1 0 ]
L = [ 6 5 14 12 19 19 8 14 18 13 20 14 6 17 20 6 17 19 20 11 15 5 16 7 4 17 15 19 12 15 9 10 6 5 16 10 15 13 5 11 20 8 10 17 12 12 18 15 11 18 ]
l = [ 6 5 14 12 19 19 8 14 18 13 20 14 6 17 20 6 17 19 20 11 15 5 16 7 4 17 15 19 12 15 9 10 6 5 16 10 15 13 5 11 20 8 10 17 12 12 18 15 11 18 ]
Pmin = [ 33 32 78 66 100 100 35 75 100 72 100 75 28 86 100 34 97 100 100 57 89 20 82 32 13 96 88 100 61 77 43 53 33 27 80 48 75 64 23 63 100 48 58 100 62 64 97 81 59 95 ]
Pmax = [ 99 89 284 238 404 408 132 286 394 279 420 282 92 336 420 110 376 420 420 210 332 68 330 92 43 363 329 397 233 286 138 210 101 70 334 168 295 256 76 219 413 156 211 384 238 225 387 325 226 374 ]
cf = [ 64.6094 48.6535 33.1305 35.4889 52.7323 57.6082 36.706 56.6693 53.2332 54.6496 21.6914 25.4298 65.3275 8.60419 47.1879 21.4199 8.6792 56.6648 44.9236 20.9793 28.0365 36.264 36.3149 14.2563 68.3212 35.0643 67.8046 15.2946 55.0527 22.0231 14.2213 49.6621 63.6766 40.3517 15.1509 46.4089 27.9599 44.8569 33.0782 11.1931 29.5065 47.7697 29.6229 24.8341 49.3739 69.8108 39.2539 51.0531 56.4756 14.1775 ]
c0 = [ 109 94 214 172 250 250 97 195 250 193 250 195 92 232 250 107 250 250 250 161 232 69 218 90 51 240 223 250 163 205 125 142 107 83 210 125 192 172 71 173 250 131 167 250 182 183 247 210 158 250 ]
cp = [ 35.6871 34.5037 16.5832 21.4304 10.8069 12.271 28.7033 19.1463 10.1513 17.3594 8.19243 18.1751 35.7718 23.1797 8.12102 30.2005 14.7161 8.50609 8.31176 39.3631 32.1901 39.5298 13.5274 29.037 41.7334 16.4121 16.3224 9.33127 22.2567 23.719 36.301 25.6988 37.7026 37.4922 15.8497 23.8463 15.2366 25.465 41.4269 29.398 9.38899 37.5344 28.2984 20.0155 27.0785 32.6936 15.4224 14.5872 32.4539 20.8404 ]
D = [ 2439 2944 2991 3598 3918 4204 4749 4849 5247 5606 6008 6654 6867 6900 7453 7993 8173 8369 8765 9409 9801 9857 10257 10743 11345 10527 10034 9854 9267 8678 7919 7491 7044 6469 5782 6322 7204 7729 8005 8417 8938 8507 7453 7077 6315 5449 4747 3801 3470 3639 3951 4073 4769 4914 4966 5590 5996 6136 6327 6675 7147 7362 7575 8057 8535 8644 9132 9406 9695 10035 10278 10432 10802 10550 10121 9768 9078 8876 8274 7683 7327 6713 6423 6952 7677 8129 8456 9264 9533 8896 8395 7479 6733 5620 4863 4271 ]
