n = 50 ; 
T = 96 ; 
Init = [ 1 1 1 0 1 1 1 0 0 0 1 1 0 1 0 1 1 0 1 0 0 0 0 1 1 1 0 1 1 1 1 1 0 0 1 0 1 1 0 1 1 1 1 1 1 1 0 0 1 1 ]
L = [ 13 13 13 8 11 11 11 15 15 15 15 15 9 9 9 4 20 20 20 20 20 12 10 10 10 19 19 19 19 12 12 18 18 18 13 13 13 13 13 9 9 9 18 18 10 10 10 8 8 8 ]
l = [ 13 13 13 8 11 11 11 15 15 15 15 15 9 9 9 4 20 20 20 20 20 12 10 10 10 19 19 19 19 12 12 18 18 18 13 13 13 13 13 9 9 9 18 18 10 10 10 8 8 8 ]
Pmin = [ 71 71 71 37 59 59 59 82 82 82 82 82 43 43 43 14 100 100 100 100 100 67 56 56 56 100 100 100 100 67 67 97 97 97 68 68 68 68 68 48 48 48 91 91 46 46 46 35 35 35 ]
Pmax = [ 269 269 269 139 212 212 212 320 320 320 320 320 146 146 146 33 418 418 418 418 418 249 197 197 197 420 420 420 420 250 250 402 402 402 263 263 263 263 263 153 153 153 363 363 176 176 176 120 120 120 ]
cf = [ 57.9695 57.9695 57.9695 46.2108 21.5235 21.5235 21.5235 62.1023 62.1023 62.1023 62.1023 62.1023 48.0346 48.0346 48.0346 16.5543 68.3806 68.3806 68.3806 68.3806 68.3806 63.7296 23.4614 23.4614 23.4614 43.9484 43.9484 43.9484 43.9484 34.7651 34.7651 53.9886 53.9886 53.9886 45.4976 45.4976 45.4976 45.4976 45.4976 38.7477 38.7477 38.7477 49.5464 49.5464 27.985 27.985 27.985 23.533 23.533 23.533 ]
c0 = [ 190 190 190 111 162 162 162 223 223 223 223 223 130 130 130 46 250 250 250 250 250 190 157 157 157 250 250 250 250 187 187 248 248 248 186 186 186 186 186 143 143 143 248 248 133 133 133 108 108 108 ]
cp = [ 10.8668 10.8668 10.8668 33.4714 22.1419 22.1419 22.1419 18.496 18.496 18.496 18.496 18.496 37.8805 37.8805 37.8805 41.8363 9.11283 9.11283 9.11283 9.11283 9.11283 26.8171 37.4925 37.4925 37.4925 13.0215 13.0215 13.0215 13.0215 25.2913 25.2913 11.5071 11.5071 11.5071 17.6825 17.6825 17.6825 17.6825 17.6825 36.7292 36.7292 36.7292 11.0093 11.0093 33.6618 33.6618 33.6618 31.5607 31.5607 31.5607 ]
D = [ 1926 2040 2514 3241 3451 3829 4152 4763 4948 5700 6010 6404 6809 7244 7809 8054 8264 8924 9166 9600 10300 10629 11109 11294 11944 11464 10814 9974 9481 8996 8580 8228 7437 7076 6513 7132 7314 8274 8566 9032 9807 8605 8178 7038 6368 5569 4771 3892 2982 3673 4043 3996 4585 4664 5191 5844 6056 6262 6674 7074 7784 7743 8290 8889 9106 9565 9869 10232 10578 11090 11097 11475 12021 11591 10817 10313 9850 9109 8890 8453 7512 7288 6948 7221 7701 7995 8547 8865 9510 8886 8019 7269 6748 5537 5012 4334 ]
