n = 50 ; 
T = 96 ; 
Init = [ 0 0 1 1 0 0 1 0 1 1 0 0 1 0 1 0 0 0 0 0 1 1 0 0 0 1 0 1 1 0 1 1 0 1 0 1 1 0 1 0 1 1 0 1 1 1 1 0 1 1 ]
L = [ 7 7 6 6 5 5 12 12 12 12 12 7 7 7 7 7 17 12 13 13 11 11 11 11 5 5 5 5 5 18 7 7 7 8 8 8 8 15 15 15 14 13 19 19 5 5 5 5 5 7 ]
l = [ 7 7 6 6 5 5 12 12 12 12 12 7 7 7 7 7 17 12 13 13 11 11 11 11 5 5 5 5 5 18 7 7 7 8 8 8 8 15 15 15 14 13 19 19 5 5 5 5 5 7 ]
Pmin = [ 34 34 35 35 19 19 59 59 59 59 59 29 29 29 29 29 87 63 72 72 62 62 62 62 18 18 18 18 18 93 41 41 41 40 40 40 40 83 83 83 71 59 100 100 21 21 21 21 21 31 ]
Pmax = [ 132 132 97 97 55 55 220 220 220 220 220 110 110 110 110 110 349 243 259 259 234 234 234 234 41 41 41 41 41 371 140 140 140 127 127 127 127 324 324 324 270 240 420 420 44 44 44 44 44 110 ]
cf = [ 45.1459 45.1459 24.469 24.469 53.3307 53.3307 10.2032 10.2032 10.2032 10.2032 10.2032 34.6586 34.6586 34.6586 34.6586 34.6586 35.1747 57.0005 49.6253 49.6253 22.7562 22.7562 22.7562 22.7562 48.2674 48.2674 48.2674 48.2674 48.2674 58.2008 28.6144 28.6144 28.6144 68.6816 68.6816 68.6816 68.6816 48.6754 48.6754 48.6754 14.355 64.3255 69.8053 69.8053 40.6843 40.6843 40.6843 40.6843 40.6843 12.6562 ]
c0 = [ 102 102 110 110 71 71 165 165 165 165 165 91 91 91 91 91 233 167 192 192 167 167 167 167 75 75 75 75 75 249 110 110 110 119 119 119 119 211 211 211 184 171 250 250 75 75 75 75 75 94 ]
cp = [ 33.6962 33.6962 33.4003 33.4003 32.334 32.334 26.3735 26.3735 26.3735 26.3735 26.3735 29.2033 29.2033 29.2033 29.2033 29.2033 16.1605 27.4191 32.1148 32.1148 19.9712 19.9712 19.9712 19.9712 39.4917 39.4917 39.4917 39.4917 39.4917 18.407 38.5086 38.5086 38.5086 35.2214 35.2214 35.2214 35.2214 13.4814 13.4814 13.4814 14.1899 25.5941 8.94349 8.94349 41.4171 41.4171 41.4171 41.4171 41.4171 39.3392 ]
D = [ 1242 1341 1650 1849 2316 2362 2784 2845 3162 3314 3710 4102 4308 4510 4619 5061 5198 5397 5604 5880 6385 6505 6854 7053 7257 6936 6757 6300 5882 5607 5385 4803 4691 4201 3881 4338 4635 4839 5101 5458 5877 5499 4892 4480 4046 3612 3065 2832 2327 2667 2842 3065 3249 3309 3456 3709 3890 4118 4282 4635 4566 4851 5166 5285 5495 5832 6034 5989 6162 6396 6682 6863 6993 6639 6561 6007 5883 5364 5160 4718 4340 4112 3695 4001 4653 4883 5244 5558 5818 5626 4938 4413 3987 3735 3130 2717 ]
