n = 50 ; 
T = 96 ; 
Init = [ 0 0 1 1 1 1 0 1 1 1 0 0 1 0 0 1 1 0 0 0 1 1 0 1 1 1 0 0 0 1 1 1 0 0 0 1 1 1 0 0 0 0 0 1 0 0 1 1 0 1 ]
L = [ 14 10 6 13 6 9 4 8 5 18 10 15 15 9 15 12 10 20 13 16 8 8 4 6 9 16 11 17 5 13 13 12 17 5 13 8 9 7 8 11 13 13 15 11 10 18 6 19 9 7 ]
l = [ 14 10 6 13 6 9 4 8 5 18 10 15 15 9 15 12 10 20 13 16 8 8 4 6 9 16 11 17 5 13 13 12 17 5 13 8 9 7 8 11 13 13 15 11 10 18 6 19 9 7 ]
Pmin = [ 74 54 27 64 34 46 16 43 25 100 43 85 75 41 80 60 52 100 68 83 39 35 18 29 55 80 59 100 26 70 74 57 95 28 64 34 48 28 39 60 64 73 84 60 59 91 33 100 48 27 ]
Pmax = [ 303 190 96 243 94 150 24 150 58 381 164 322 309 160 310 233 203 420 256 332 117 136 37 88 186 321 208 392 63 274 274 233 391 70 244 127 157 97 128 216 257 265 327 236 204 372 109 419 162 97 ]
cf = [ 30.3041 9.52713 31.9196 7.25085 68.6125 12.1612 42.5817 13.2663 24.5232 25.1445 9.3734 45.1646 41.2503 49.644 14.7058 67.534 46.9902 54.0124 61.4463 57.0673 26.1627 16.5031 44.373 47.5465 61.5751 20.7583 52.6929 41.1247 60.773 33.1961 36.7381 21.077 35.7232 61.6578 21.3279 34.3357 66.819 56.9096 40.602 21.3422 12.054 42.9754 59.5069 46.3043 22.6194 67.2127 43.8383 62.6095 51.2251 35.2847 ]
c0 = [ 201 156 79 167 100 124 59 118 91 250 127 232 199 126 219 175 136 250 179 226 111 105 67 102 156 215 155 250 90 200 195 154 250 90 174 114 138 99 109 166 171 202 219 169 165 229 105 250 141 96 ]
cp = [ 18.4223 36.627 34.5013 19.5452 33.9368 22.898 41.5028 30.066 39.6312 13.3314 23.5579 33.056 20.7139 20.3219 21.8529 24.5714 35.9309 8.49999 18.8712 13.2755 34.4362 31.4273 40.8366 38.1741 27.1469 24.6098 26.4385 12.4911 37.885 31.8499 32.3832 26.276 9.88564 39.8419 27.1347 34.0166 35.2227 38.3525 36.5157 30.4019 19.6237 30.403 14.814 30.1909 32.1391 13.8325 33.7197 10.4235 36.7839 40.5533 ]
D = [ 1695 2005 2260 2411 2848 3332 3506 3842 4013 4355 4838 5093 5238 5657 5806 6234 6592 6942 7069 7342 7539 7954 8483 8801 8736 8447 8142 7495 7448 7010 6517 5988 5559 5020 4749 5370 5928 6445 6694 7122 7679 6967 6613 5871 5277 4772 3749 3212 2636 3019 3311 3620 3706 4173 4442 4503 4892 5046 5499 5763 6060 6228 6550 6862 7187 7437 7806 8062 8194 8464 8768 9038 9335 9017 8746 8169 7522 7333 6723 6383 5885 5284 4969 5594 6090 6267 7076 7269 7723 7171 6629 5972 5304 4800 3764 3136 ]
