n = 50 ; 
T = 96 ; 
Init = [ 0 1 0 0 0 1 1 1 0 0 0 0 1 0 0 1 1 0 0 0 0 0 1 0 1 0 1 0 0 1 0 1 0 0 1 0 0 0 1 0 0 1 0 1 0 0 1 1 0 1 ]
L = [ 14 14 14 14 14 18 18 18 18 19 19 19 19 14 14 14 14 6 6 17 17 19 19 5 14 17 17 17 11 11 11 11 11 14 14 14 14 14 7 7 14 14 4 19 19 19 10 10 10 10 ]
l = [ 14 14 14 14 14 18 18 18 18 19 19 19 19 14 14 14 14 6 6 17 17 19 19 5 14 17 17 17 11 11 11 11 11 14 14 14 14 14 7 7 14 14 4 19 19 19 10 10 10 10 ]
Pmin = [ 66 66 66 66 66 94 94 94 94 98 98 98 98 74 74 74 74 20 20 83 83 100 100 20 74 90 90 90 61 61 61 61 61 75 75 75 75 75 34 34 74 74 18 92 92 92 51 51 51 51 ]
Pmax = [ 271 271 271 271 271 389 389 389 389 411 411 411 411 306 306 306 306 65 65 337 337 394 394 54 291 350 350 350 230 230 230 230 230 300 300 300 300 300 117 117 302 302 36 385 385 385 175 175 175 175 ]
cf = [ 34.4667 34.4667 34.4667 34.4667 34.4667 27.6338 27.6338 27.6338 27.6338 32.6072 32.6072 32.6072 32.6072 40.5255 40.5255 40.5255 40.5255 27.2409 27.2409 7.82681 7.82681 55.6743 55.6743 10.6445 24.3304 69.8154 69.8154 69.8154 46.4618 46.4618 46.4618 46.4618 46.4618 9.94456 9.94456 9.94456 9.94456 9.94456 60.5335 60.5335 21.3814 21.3814 9.83186 34.5247 34.5247 34.5247 14.4894 14.4894 14.4894 14.4894 ]
c0 = [ 183 183 183 183 183 235 235 235 235 250 250 250 250 204 204 204 204 64 64 221 221 250 250 77 198 240 240 240 170 170 170 170 170 203 203 203 203 203 99 99 199 199 69 234 234 234 146 146 146 146 ]
cp = [ 23.4088 23.4088 23.4088 23.4088 23.4088 12.5563 12.5563 12.5563 12.5563 14.2051 14.2051 14.2051 14.2051 29.9441 29.9441 29.9441 29.9441 41.1686 41.1686 22.7675 22.7675 10.7442 10.7442 39.8711 23.0436 16.3992 16.3992 16.3992 24.8967 24.8967 24.8967 24.8967 24.8967 23.0164 23.0164 23.0164 23.0164 23.0164 30.3842 30.3842 15.8289 15.8289 41.5051 14.9257 14.9257 14.9257 25.2171 25.2171 25.2171 25.2171 ]
D = [ 1903 2312 2723 2967 3818 3963 4254 5014 5382 5765 6503 6429 7282 7317 8056 8402 8679 9478 9547 9959 10477 11266 11479 12090 12200 12055 11139 10568 10316 9860 9010 8505 8020 7694 6996 7852 8161 8245 8876 9115 9693 8924 8050 7344 6722 6149 5352 4569 3572 4197 4187 4662 5441 5380 6123 6417 6576 7335 7664 8017 8599 8828 9082 9340 9791 10425 10855 11279 11233 11700 12246 12369 12783 12325 12017 11044 10522 10276 9782 8969 8411 8067 7341 7783 8699 8938 9834 9971 10580 9976 9186 7999 7235 6310 5542 4840 ]
