n = 50 ; 
T = 96 ; 
Init = [ 0 0 1 0 0 0 1 1 1 1 0 1 1 0 1 1 1 0 1 0 1 0 1 0 0 0 0 0 1 1 1 1 1 0 1 0 0 0 1 1 1 1 1 0 1 0 1 0 0 0 ]
L = [ 13 13 10 4 6 13 12 6 12 5 4 8 7 6 16 8 12 10 6 16 9 20 8 6 5 14 5 12 5 5 19 20 9 16 17 10 18 12 18 9 18 8 10 14 4 10 7 6 16 6 ]
l = [ 13 13 10 4 6 13 12 6 12 5 4 8 7 6 16 8 12 10 6 16 9 20 8 6 5 14 5 12 5 5 19 20 9 16 17 10 18 12 18 9 18 8 10 14 4 10 7 6 16 6 ]
Pmin = [ 68 73 58 27 25 75 66 27 62 20 18 45 41 28 86 42 61 47 32 82 46 100 35 24 20 79 16 60 23 25 100 100 52 86 86 51 100 65 94 42 100 35 55 77 21 55 27 30 86 32 ]
Pmax = [ 251 275 202 63 94 272 249 91 238 65 62 159 127 83 334 148 219 169 93 338 151 420 128 83 35 302 51 237 73 86 407 420 177 328 359 169 409 244 389 161 402 131 193 294 46 212 100 96 326 89 ]
cf = [ 16.9108 16.9942 64.331 27.2865 67.5525 58.3622 23.552 14.369 59.836 52.1516 13.2052 55.0541 55.8554 52.9441 68.8619 47.1752 16.0433 33.8628 7.86929 32.1811 26.3612 21.3911 53.088 37.0585 29.0682 8.1612 52.9622 33.9975 17.7018 59.567 10.2598 27.6126 69.5612 67.5908 47.8992 67.1137 55.953 64.4512 11.4827 45.789 46.6028 17.6879 30.843 32.4581 63.6321 29.7049 9.63339 9.6754 56.5677 10.5027 ]
c0 = [ 187 199 157 93 89 195 179 93 169 76 55 125 128 100 218 132 175 141 99 207 122 250 97 85 79 222 52 155 76 93 250 250 150 221 236 141 250 174 242 131 250 102 145 197 68 149 78 86 219 102 ]
cp = [ 21.4615 13.9235 25.1418 41.27 32.5269 30.8049 25.4309 36.7698 25.7174 38.6763 38.5239 37.8072 32.6219 31.868 18.0352 21.8896 28.4195 27.1098 34.2199 11.1911 30.6406 8.19373 34.0439 38.7481 40.6514 21.7729 39.9761 36.9468 38.0722 36.9065 9.07494 8.60518 29.2398 17.1644 24.3344 27.4885 12.0999 24.2343 11.5404 25.8202 10.046 29.6042 26.9399 17.3042 41.5563 29.9907 35.2141 38.6275 23.827 35.5971 ]
D = [ 1441 1560 1892 2091 2496 2699 2981 3493 3567 3837 4228 4420 5007 5065 5318 5729 6177 6254 6746 6818 7085 7370 7705 7972 8543 7930 7678 7063 6907 6613 6151 5635 5170 5135 4527 5007 5328 5927 6243 6733 7311 6640 5944 5346 4827 4094 3617 2871 2084 2361 2863 2979 3382 3261 3599 4085 4264 4463 4862 4998 5351 5393 5783 5898 6189 6619 6860 7116 7101 7380 7755 8027 8081 7772 7544 7385 6749 6572 6384 5852 5701 5381 5101 5492 5960 6157 6784 7181 7713 7046 6272 5850 5361 4728 4171 3338 ]
