n = 50 ; 
T = 96 ; 
Init = [ 1 0 0 1 1 1 1 0 0 0 0 1 0 1 1 0 1 0 0 1 0 0 0 1 1 0 1 0 0 1 0 1 1 0 0 0 1 0 0 0 0 0 1 0 0 0 0 1 0 0 ]
L = [ 9 20 11 13 14 15 10 19 9 6 8 7 8 19 19 20 13 11 12 17 7 10 17 16 17 7 15 15 17 4 14 8 5 7 8 17 16 8 20 13 19 5 19 15 6 17 16 17 6 17 ]
l = [ 9 20 11 13 14 15 10 19 9 6 8 7 8 19 19 20 13 11 12 17 7 10 17 16 17 7 15 15 17 4 14 8 5 7 8 17 16 8 20 13 19 5 19 15 6 17 16 17 6 17 ]
Pmin = [ 56 100 50 67 74 86 57 100 41 28 43 42 42 100 100 100 68 56 68 88 39 47 92 81 92 32 80 81 87 20 68 34 23 32 40 90 86 46 100 72 100 29 100 81 30 94 85 100 27 82 ]
Pmax = [ 191 420 192 265 286 331 215 419 146 82 148 135 143 411 415 420 269 195 249 352 134 190 371 336 357 102 325 329 353 47 274 127 55 104 139 367 348 146 419 271 406 75 407 334 88 361 340 381 76 334 ]
cf = [ 58.8006 44.1898 13.3673 60.2141 55.6571 7.84243 38.5275 56.4441 25.1654 13.8625 33.007 54.7263 14.8203 17.5012 35.2966 63.8503 10.8394 13.8554 10.1295 26.1754 63.2907 60.5562 36.2593 69.4833 38.6127 23.8206 62.6069 39.4434 66.4307 56.8971 58.5752 55.2314 31.0869 64.9425 45.4454 16.744 65.7849 13.973 66.1881 20.9503 20.8354 29.195 68.6766 28.6557 39.6963 33.9732 22.506 43.5357 40.8286 25.6355 ]
c0 = [ 153 250 136 188 191 239 155 250 112 91 134 118 130 250 250 250 193 144 181 226 119 142 231 208 250 103 203 209 233 71 184 93 82 102 124 246 230 123 250 200 250 83 250 220 99 250 214 250 94 214 ]
cp = [ 27.5551 9.2345 21.8518 22.7918 15.7575 13.906 25.7837 17.806 30.2369 39.4428 35.0271 40.0568 22.214 8.74816 11.0243 9.1104 21.252 29.3792 15.8925 14.4713 35.9523 19.0446 12.4449 14.2352 19.1406 28.4646 17.8713 13.8987 14.5915 40.9149 28.9499 26.9226 40.5089 38.2792 35.4772 12.434 17.9868 31.3142 8.42056 25.0047 13.0585 40.9886 17.6182 24.2527 34.5755 16.5988 18.5796 15.73 40.8282 13.6779 ]
D = [ 2421 2767 2974 3264 3824 3955 4757 4791 5230 5802 6180 6392 6853 6822 7446 7550 8016 8707 8624 9272 9552 9922 10479 10427 11275 10367 10260 9536 8985 8481 8293 7854 7334 6492 5982 6656 7079 7508 8353 8853 9492 8522 7538 6944 6079 5359 4506 3248 2657 2938 3304 3771 3931 4557 4957 5097 5521 5967 6072 6638 7059 7326 7304 7642 8243 8708 8675 9128 9431 10124 10534 10439 11102 10783 10329 9727 9258 8654 8084 7660 7490 6940 6636 7166 7283 7919 8244 8937 9175 8573 7803 6932 6251 5612 4732 3809 ]
