n = 50 ; 
T = 96 ; 
Init = [ 0 1 0 1 0 0 0 0 1 0 1 1 0 1 1 0 0 1 1 0 0 1 1 0 1 0 0 1 0 0 0 0 1 0 0 0 1 0 0 0 0 1 1 1 0 1 1 0 0 1 ]
L = [ 12 12 12 12 14 13 13 18 10 10 10 10 10 19 19 19 19 12 12 12 12 12 11 11 11 11 15 15 15 12 12 11 11 11 11 13 13 13 7 12 12 13 14 14 14 16 6 16 16 16 ]
l = [ 12 12 12 12 14 13 13 18 10 10 10 10 10 19 19 19 19 12 12 12 12 12 11 11 11 11 15 15 15 12 12 11 11 11 11 13 13 13 7 12 12 13 14 14 14 16 6 16 16 16 ]
Pmin = [ 55 55 55 55 75 77 77 100 50 50 50 50 50 100 100 100 100 55 55 55 55 55 55 55 55 55 76 76 76 61 61 52 52 52 52 71 71 71 36 66 66 68 77 77 77 91 38 91 91 91 ]
Pmax = [ 220 220 220 220 302 296 296 413 201 201 201 201 201 414 414 414 414 212 212 212 212 212 194 194 194 194 315 315 315 247 247 197 197 197 197 273 273 273 139 239 239 241 282 282 282 350 120 348 348 348 ]
cf = [ 55.5243 55.5243 55.5243 55.5243 55.6416 7.49814 7.49814 55.5084 61.5156 61.5156 61.5156 61.5156 61.5156 41.8212 41.8212 41.8212 41.8212 66.4945 66.4945 66.4945 66.4945 66.4945 68.972 68.972 68.972 68.972 24.9881 24.9881 24.9881 13.0304 13.0304 65.4451 65.4451 65.4451 65.4451 69.2361 69.2361 69.2361 10.5718 11.4403 11.4403 65.2509 66.3531 66.3531 66.3531 20.8784 50.4786 38.9644 38.9644 38.9644 ]
c0 = [ 161 161 161 161 195 201 201 250 131 131 131 131 131 250 250 250 250 157 157 157 157 157 151 151 151 151 193 193 193 177 177 143 143 143 143 194 194 194 103 180 180 192 194 194 194 245 113 229 229 229 ]
cp = [ 26.7081 26.7081 26.7081 26.7081 23.9923 23.9045 23.9045 9.9939 21.7366 21.7366 21.7366 21.7366 21.7366 12.2536 12.2536 12.2536 12.2536 31.4166 31.4166 31.4166 31.4166 31.4166 34.5926 34.5926 34.5926 34.5926 19.8788 19.8788 19.8788 22.5646 22.5646 21.4857 21.4857 21.4857 21.4857 17.9374 17.9374 17.9374 38.7117 16.13 16.13 25.4312 15.7063 15.7063 15.7063 13.599 33.8026 25.4638 25.4638 25.4638 ]
D = [ 2070 2147 2906 2843 3344 3984 3989 4427 4947 5140 5394 5843 6568 6835 7232 7638 7823 8083 8701 8838 9471 9727 10326 10468 11099 10267 10252 9802 9084 8562 8439 7716 7399 7159 6501 7271 7756 8190 8523 9154 9910 8707 7996 7186 6378 5189 4411 3414 2561 3048 3413 3760 4158 4498 5056 5358 6001 6262 6673 7002 7031 7678 7959 8391 8838 9216 9369 9998 10047 10774 10976 11222 11553 11245 10675 10457 9799 9070 8583 8302 7682 7184 6372 7237 7664 7997 8284 8978 9195 8269 7667 6790 6133 5435 4613 3525 ]
