n = 50 ; 
T = 96 ; 
Init = [ 1 1 1 1 0 1 1 1 0 1 0 0 0 1 0 0 1 0 1 0 1 1 1 0 1 1 0 0 0 0 0 1 1 1 0 1 1 1 1 1 0 1 1 0 0 0 0 1 0 0 ]
L = [ 7 14 10 16 14 8 18 13 17 18 9 11 5 6 13 8 12 9 9 14 18 12 16 11 15 7 7 10 12 8 13 9 5 16 18 8 19 9 15 4 9 5 19 20 15 18 19 14 9 15 ]
l = [ 7 14 10 16 14 8 18 13 17 18 9 11 5 6 13 8 12 9 9 14 18 12 16 11 15 7 7 10 12 8 13 9 5 16 18 8 19 9 15 4 9 5 19 20 15 18 19 14 9 15 ]
Pmin = [ 30 81 60 91 77 41 95 71 94 89 48 57 23 31 63 39 62 46 41 74 95 63 76 61 84 26 35 51 72 39 67 40 13 83 94 44 100 49 83 26 51 22 100 100 76 100 100 74 46 83 ]
Pmax = [ 109 298 217 368 298 157 385 282 386 371 171 219 72 93 243 127 247 168 165 293 387 237 316 217 314 87 112 185 261 147 244 153 37 320 376 146 420 170 306 60 177 58 420 420 305 401 415 287 178 313 ]
cf = [ 65.1207 26.4052 20.4518 31.0935 56.5967 39.6989 14.413 8.82146 48.3035 26.2465 33.0214 47.1382 28.0339 20.4686 10.4172 20.2882 23.6133 61.014 17.7964 17.8354 45.7242 17.5174 15.2909 19.3726 27.5719 24.8607 20.1957 11.5257 28.2921 31.322 16.6184 23.4127 50.7272 30.0702 47.5062 37.3239 62.769 54.9192 39.1454 41.0725 11.1657 65.1667 18.2107 32.1996 15.6353 21.6279 45.4878 32.2486 12.6419 56.2842 ]
c0 = [ 101 213 164 247 201 117 240 199 250 225 128 166 70 90 171 116 179 123 117 208 241 165 203 167 219 88 99 136 187 113 194 106 60 218 250 116 250 150 228 90 156 85 250 250 196 250 250 188 124 211 ]
cp = [ 39.1489 18.2245 27.3198 15.9008 26.2828 26.9555 10.5958 23.0079 20.5647 12.0198 37.9819 29.8009 41.5255 40.0348 17.8126 35.5223 28.9895 25.7596 28.1637 14.2168 10.3902 26.7985 14.7339 28.735 18.363 29.4233 37.5741 32.4795 25.6286 31.2647 22.099 30.4337 40.2922 14.9299 19.4627 39.8324 9.95678 37.795 27.8105 40.7667 26.1356 36.3215 12.6161 8.33632 17.9021 11.7534 16.762 24.1663 28.3027 23.3297 ]
D = [ 1738 2444 2405 2889 3252 3704 4079 4492 4679 5368 5442 6022 6432 6917 6910 7335 7597 7992 8536 8902 9174 9763 9837 10480 10923 10471 9696 9349 9012 8591 7868 7238 7150 6484 5966 6420 6855 7828 8323 8572 9393 8321 7979 7101 6141 5419 5062 3992 3511 3529 4176 4312 4501 4811 5088 5334 5868 5993 6162 6508 7062 7142 7380 7896 7929 8341 8668 8823 9149 9323 9712 10041 10584 9867 9463 8847 8715 8237 7440 7126 6844 6403 5935 5968 6432 6835 7293 8001 8239 7508 6735 6170 5698 4873 4065 3804 ]
