n = 50 ; 
T = 96 ; 
Init = [ 1 1 1 0 0 0 1 1 1 0 0 1 0 0 1 0 0 0 1 1 0 1 1 1 1 1 0 1 0 1 0 1 0 1 1 1 1 1 0 0 1 0 0 1 0 1 0 0 0 1 ]
L = [ 18 11 11 11 11 11 9 9 9 9 20 20 6 6 11 11 15 15 15 17 17 17 11 11 20 20 20 20 20 17 17 17 17 17 13 13 13 5 5 16 16 16 16 16 11 7 7 7 7 14 ]
l = [ 18 11 11 11 11 11 9 9 9 9 20 20 6 6 11 11 15 15 15 17 17 17 11 11 20 20 20 20 20 17 17 17 17 17 13 13 13 5 5 16 16 16 16 16 11 7 7 7 7 14 ]
Pmin = [ 100 57 57 57 57 57 40 40 40 40 100 100 34 34 55 55 84 84 84 91 91 91 56 59 100 100 100 100 100 93 93 93 93 93 72 72 72 17 17 82 87 87 87 87 54 36 36 36 36 75 ]
Pmax = [ 404 211 211 211 211 211 154 154 154 154 420 420 98 98 203 203 318 318 318 365 365 365 207 223 420 420 420 420 420 389 389 389 389 389 259 259 259 39 39 322 339 339 339 339 209 129 129 129 129 280 ]
cf = [ 33.7881 20.4714 20.4714 20.4714 20.4714 20.4714 66.878 66.878 66.878 66.878 40.4277 40.4277 43.5196 43.5196 29.8458 29.8458 17.6594 17.6594 17.6594 55.1867 55.1867 55.1867 47.9865 45.8795 12.387 12.387 12.387 12.387 12.387 46.6626 46.6626 46.6626 46.6626 46.6626 41.822 41.822 41.822 62.96 62.96 9.14343 41.5982 41.5982 41.5982 41.5982 33.2217 55.8459 55.8459 55.8459 55.8459 22.0333 ]
c0 = [ 250 157 157 157 157 157 116 116 116 116 250 250 109 109 149 149 228 228 228 250 250 250 163 161 250 250 250 250 250 250 250 250 250 250 203 203 203 66 66 208 240 240 240 240 143 114 114 114 114 209 ]
cp = [ 14.375 28.2264 28.2264 28.2264 28.2264 28.2264 33.5027 33.5027 33.5027 33.5027 8.05152 8.05152 36.3185 36.3185 25.4713 25.4713 14.77 14.77 14.77 24.293 24.293 24.293 27.2116 18.7169 10.7308 10.7308 10.7308 10.7308 10.7308 9.82633 9.82633 9.82633 9.82633 9.82633 24.819 24.819 24.819 37.8783 37.8783 28.9646 16.0742 16.0742 16.0742 16.0742 21.853 30.7136 30.7136 30.7136 30.7136 22.524 ]
D = [ 1664 1746 2388 2671 3089 3820 4105 4657 4837 5512 5978 6160 6584 6861 7359 7999 8596 9130 9218 9569 10315 10456 10830 11719 12101 11280 10675 10562 10046 9470 8842 8511 8105 7683 6671 7258 8141 8515 9217 9316 9928 9313 8337 7590 6814 5899 4828 4211 3504 3580 4048 4147 4645 4975 5585 6008 6211 6464 6982 7264 7533 8127 8254 8386 9171 9413 9646 10124 10225 10546 11082 11630 11715 11079 10781 9944 9440 8941 8803 8366 7591 7044 6881 7360 7897 8575 9125 9514 10094 9402 8313 7928 6951 6165 5561 4491 ]
