n = 50 ; 
T = 96 ; 
Init = [ 1 0 0 1 0 0 1 1 0 1 0 0 0 1 1 1 1 0 1 1 1 1 1 1 0 1 0 1 0 0 0 1 0 0 0 0 0 0 1 1 1 0 1 1 1 1 0 0 1 0 ]
L = [ 18 18 18 18 18 6 6 6 6 19 19 4 4 4 4 14 14 14 14 18 18 18 16 16 16 16 16 17 4 4 4 4 4 15 6 6 20 20 20 20 20 12 12 12 12 12 17 17 17 17 ]
l = [ 18 18 18 18 18 6 6 6 6 19 19 4 4 4 4 14 14 14 14 18 18 18 16 16 16 16 16 17 4 4 4 4 4 15 6 6 20 20 20 20 20 12 12 12 12 12 17 17 17 17 ]
Pmin = [ 100 100 100 100 100 32 32 32 32 100 100 17 17 17 17 77 77 77 77 100 100 100 89 89 89 89 89 96 26 26 26 26 26 78 28 28 100 100 100 100 100 57 57 57 57 57 98 98 98 98 ]
Pmax = [ 407 407 407 407 407 95 95 95 95 420 420 29 29 29 29 287 287 287 287 406 406 406 341 341 341 341 341 377 62 62 62 62 62 298 90 90 411 411 411 411 411 231 231 231 231 231 383 383 383 383 ]
cf = [ 31.0828 31.0828 31.0828 31.0828 31.0828 33.3424 33.3424 33.3424 33.3424 40.1465 40.1465 12.7027 12.7027 12.7027 12.7027 52.712 52.712 52.712 52.712 58.0476 58.0476 58.0476 45.7787 45.7787 45.7787 45.7787 45.7787 33.7332 8.58382 8.58382 8.58382 8.58382 8.58382 55.4357 26.4625 26.4625 47.8244 47.8244 47.8244 47.8244 47.8244 19.4348 19.4348 19.4348 19.4348 19.4348 35.6383 35.6383 35.6383 35.6383 ]
c0 = [ 250 250 250 250 250 92 92 92 92 250 250 54 54 54 54 209 209 209 209 250 250 250 241 241 241 241 241 247 88 88 88 88 88 216 94 94 250 250 250 250 250 169 169 169 169 169 250 250 250 250 ]
cp = [ 11.3122 11.3122 11.3122 11.3122 11.3122 39.1138 39.1138 39.1138 39.1138 10.1196 10.1196 40.8837 40.8837 40.8837 40.8837 27.0086 27.0086 27.0086 27.0086 18.839 18.839 18.839 16.5897 16.5897 16.5897 16.5897 16.5897 16.5527 38.6988 38.6988 38.6988 38.6988 38.6988 16.1855 32.0596 32.0596 10.4692 10.4692 10.4692 10.4692 10.4692 19.8764 19.8764 19.8764 19.8764 19.8764 10.3735 10.3735 10.3735 10.3735 ]
D = [ 1769 1822 2200 2653 3360 3632 3856 4579 4762 5330 5844 6268 6707 6910 7477 7579 8374 8328 8787 9423 9931 10128 10329 11131 11233 10834 10630 9828 9584 8739 8267 7978 7295 6791 6029 6823 7362 8113 8703 9534 10444 9598 8387 7786 6735 5681 5291 4108 3054 3797 4182 4377 4911 5007 5470 5671 6324 6494 7041 7185 7623 8296 8311 8833 9429 9607 9854 10476 10832 11351 11277 11968 12452 11610 11206 10212 9804 9378 8704 8005 7433 6772 6412 6687 7469 7886 8507 9053 9785 9079 7896 7194 6272 5249 4179 3480 ]
