n = 50 ; 
T = 96 ; 
Init = [ 1 1 1 0 1 0 1 0 0 1 1 0 0 0 0 0 0 1 0 1 0 0 0 0 1 1 0 1 0 0 1 0 1 0 0 0 0 1 1 0 0 0 1 0 0 1 0 0 1 1 ]
L = [ 7 14 4 13 15 13 13 16 12 14 15 7 19 11 6 12 4 16 11 12 13 16 10 13 10 10 7 12 7 18 9 15 8 13 19 14 7 8 5 18 13 7 9 5 19 18 17 8 13 7 ]
l = [ 7 14 4 13 15 13 13 16 12 14 15 7 19 11 6 12 4 16 11 12 13 16 10 13 10 10 7 12 7 18 9 15 8 13 19 14 7 8 5 18 13 7 9 5 19 18 17 8 13 7 ]
Pmin = [ 30 80 21 72 82 65 72 85 56 80 85 30 100 59 32 72 20 86 57 65 63 82 57 75 52 54 40 63 32 100 45 79 40 69 100 68 32 44 20 88 67 26 43 27 97 98 91 46 75 35 ]
Pmax = [ 98 303 46 284 313 263 265 337 226 296 338 111 420 233 103 260 58 356 196 243 255 328 198 284 191 187 126 231 91 399 175 315 145 251 420 274 124 154 47 364 256 99 162 64 397 381 345 161 275 106 ]
cf = [ 53.7106 35.4797 11.5734 11.2502 24.5005 58.4828 49.2782 61.952 35.5952 63.1922 30.1489 61.1491 27.532 63.6705 29.4717 58.898 17.6276 38.1319 22.8568 9.44247 67.9925 34.7464 14.6989 67.7944 49.8622 58.2491 31.4894 49.4028 21.9412 23.3144 67.3441 68.6518 51.7941 8.91757 9.90195 69.2946 60.4004 52.1802 61.2466 25.9956 45.3724 21.3955 17.1446 65.9043 15.066 39.6163 54.8024 25.6936 7.74818 7.65918 ]
c0 = [ 88 203 62 186 224 180 204 228 153 220 219 94 250 166 97 199 75 227 153 173 175 224 154 209 153 154 120 176 92 250 128 208 119 188 250 179 91 125 77 232 175 75 135 81 250 250 250 130 209 101 ]
cp = [ 31.95 18.1538 41.5407 22.4176 23.0088 15.6493 31.4473 17.7895 26.515 18.7452 29.4291 30.9692 8.33608 24.2101 27.9698 32.7818 41.292 19.1844 33.0893 26.7284 32.9871 15.2933 28.0185 16.5692 31.3627 36.2911 36.0516 30.8967 31.1393 10.4708 29.4004 27.9031 31.1947 15.4496 9.253 16.7788 31.9138 29.446 40.1025 17.7462 21.8781 37.8227 34.7058 37.8589 9.08064 11.2889 16.5032 33.7999 21.1047 40.1116 ]
D = [ 1323 1739 2120 2683 2905 3296 3725 3956 4228 4800 5038 5284 5793 5973 6283 6988 7305 7446 7675 8337 8564 8966 9290 9757 10032 9593 8997 8798 8123 7975 7548 6956 6870 6470 6088 6327 6867 7461 8023 8481 8848 8037 7130 6394 5854 4904 4074 3497 2887 3208 3276 3552 3685 3963 4418 4812 5070 5342 5614 5881 6179 6642 6956 6910 7442 7721 7995 8034 8616 8918 9183 9134 9816 9113 8845 8182 7974 7628 7269 6637 6325 5747 5550 6065 6459 6966 7588 7954 8892 7732 7201 6383 5845 4896 4191 3453 ]
