n = 50 ; 
T = 96 ; 
Init = [ 1 1 0 1 0 1 0 1 1 0 1 0 0 1 1 0 1 0 1 0 0 1 0 1 1 0 0 1 0 1 0 1 0 0 0 1 1 1 0 0 1 1 0 1 0 1 1 0 0 1 ]
L = [ 11 10 17 17 5 15 14 15 10 5 19 15 18 10 11 16 10 11 15 17 17 15 5 13 4 9 10 12 19 11 15 16 17 9 9 9 5 6 10 17 4 5 7 19 7 5 5 17 5 11 ]
l = [ 11 10 17 17 5 15 14 15 10 5 19 15 18 10 11 16 10 11 15 17 17 15 5 13 4 9 10 12 19 11 15 16 17 9 9 9 5 6 10 17 4 5 7 19 7 5 5 17 5 11 ]
Pmin = [ 60 50 91 90 17 77 77 85 53 22 99 82 96 50 57 93 62 51 77 96 98 76 26 71 20 49 53 55 98 56 78 88 90 45 50 40 21 28 52 98 22 28 37 100 39 19 21 94 28 63 ]
Pmax = [ 226 188 351 374 47 316 294 325 197 44 407 321 399 185 230 353 217 201 299 386 374 303 61 273 46 170 186 222 398 213 298 335 348 165 169 159 55 87 181 372 63 69 125 401 136 46 61 374 80 224 ]
cf = [ 23.7697 44.8881 43.7271 10.9138 38.3327 39.074 28.3101 68.346 59.6922 12.6232 16.4781 10.3585 51.5554 7.45617 35.701 17.8553 9.93803 53.6709 17.9483 11.1242 7.20499 10.1317 34.429 61.0971 47.0953 60.5199 47.8743 56.0035 26.7551 61.6931 65.9686 43.5248 36.5812 39.6956 47.4386 67.9138 8.76958 68.7487 66.2599 61.4617 11.372 12.738 64.8203 55.9274 13.1942 30.5212 66.7827 16.1322 14.1922 14.731 ]
c0 = [ 173 145 232 244 56 215 206 236 159 83 250 221 250 132 167 245 161 142 195 250 250 201 91 200 80 134 149 150 250 148 201 235 244 126 141 107 67 77 135 250 82 87 118 250 113 74 64 245 83 165 ]
cp = [ 28.3107 27.4457 22.0746 13.7807 38.2307 19.4999 18.8524 13.378 16.1692 38.5117 10.0536 18.5508 11.1591 18.8399 21.2788 18.8217 23.9196 30.2445 18.6981 19.5652 14.9257 16.2993 41.2221 19.5919 39.9035 29.4943 36.5038 23.5682 13.789 28.6269 19.9802 10.5109 12.1231 26.8673 33.0703 27.6929 36.6906 40.4981 28.9808 14.1288 40.0659 39.7588 36.3269 14.3223 31.8563 37.6138 39.802 9.61886 37.8539 30.146 ]
D = [ 1460 1685 2104 2449 2908 3132 3507 3810 4423 4382 4739 5495 5480 5816 6554 6945 6932 7680 7994 8358 8371 8806 9422 9521 9942 9721 9017 8556 7921 7425 7109 6839 6205 5508 5221 5748 6414 6766 7673 8153 8539 8062 7118 6187 5684 4679 3776 3336 2394 2699 2978 3275 3792 4089 4230 4292 4753 5102 5447 5690 6231 6518 6842 7151 7322 7541 7651 8139 8646 8620 8961 9257 9560 9121 8897 8346 8265 7866 7232 6885 6487 6265 5912 6027 6537 6758 7068 7297 8002 7405 6623 6179 5566 4804 4364 3618 ]
