n = 50 ; 
T = 96 ; 
Init = [ 0 1 1 1 0 1 0 1 1 1 0 1 0 1 0 1 0 0 0 1 0 0 1 1 0 0 0 1 0 1 0 0 0 1 1 1 0 0 0 0 1 0 1 1 1 1 0 0 1 0 ]
L = [ 10 20 16 13 15 5 17 13 7 14 6 18 4 14 15 14 14 14 11 11 9 4 20 12 6 14 20 15 8 15 15 10 15 14 15 7 5 11 17 20 7 8 7 13 19 20 13 16 4 7 ]
l = [ 10 20 16 13 15 5 17 13 7 14 6 18 4 14 15 14 14 14 11 11 9 4 20 12 6 14 20 15 8 15 15 10 15 14 15 7 5 11 17 20 7 8 7 13 19 20 13 16 4 7 ]
Pmin = [ 48 100 91 65 77 32 93 62 35 82 23 94 22 70 85 75 69 72 60 61 52 14 100 70 24 79 100 77 36 73 85 55 80 80 82 34 28 56 94 100 31 44 40 70 100 100 67 87 18 31 ]
Pmax = [ 191 420 361 247 292 87 370 249 131 304 76 393 63 278 326 297 273 283 215 224 175 40 420 261 74 297 420 316 126 294 341 206 298 299 341 111 75 206 369 420 103 144 120 253 418 420 265 348 59 117 ]
cf = [ 45.4774 29.8293 47.5145 47.7146 18.3567 62.0717 51.8004 51.5969 32.1885 15.5094 29.9747 7.85902 44.6568 9.1379 62.1225 43.778 32.9159 34.3603 63.7169 58.5373 58.1431 67.4623 35.7724 30.9615 22.4337 19.7382 8.89371 56.9086 43.2424 41.9321 16.9754 18.7198 64.7614 57.4899 59.4344 13.1181 49.5615 41.2348 57.715 11.75 49.7442 17.6897 12.609 24.401 19.8276 67.7315 61.1789 45.7435 32.0918 54.8959 ]
c0 = [ 126 250 234 179 209 102 241 159 113 222 70 240 70 180 216 196 190 203 173 163 153 51 250 196 74 202 250 207 107 200 228 153 217 222 229 100 90 151 244 250 87 130 119 185 250 250 183 226 66 93 ]
cp = [ 30.2178 8.09598 16.5179 19.1529 14.4955 38.1606 22.0779 29.3989 37.5227 22.3964 39.0846 13.7163 40.1974 25.6288 15.944 26.0677 18.4499 14.0921 29.5698 28.3967 31.5689 41.0454 12.0616 29.4062 39.306 24.9901 8.27331 22.8249 30.3384 11.1592 16.5118 20.918 19.5259 21.8958 19.5971 32.244 41.5198 20.0494 16.5681 8.45886 38.7513 21.1162 35.9509 25.4215 8.28817 8.65662 30.9664 12.3839 41.1495 29.951 ]
D = [ 1942 1921 2572 3036 3390 3552 4305 4672 4705 5402 5785 5945 6440 6759 7524 7669 8278 8319 8905 9124 9609 10081 10250 11098 11465 10862 10128 9444 9086 8433 8085 7426 6835 6260 5667 6133 6902 7285 8200 8604 9287 8424 7787 6805 6343 5593 4838 4108 3487 3473 3986 4307 4587 4963 4994 5168 5743 6143 6274 6821 6696 7219 7503 7688 8094 8229 8545 8819 9526 9589 10132 10340 10379 10144 9676 9101 8688 8411 7594 7253 6657 6528 5723 6644 7166 7627 8417 8729 9286 8581 7813 7099 6611 5823 4988 4122 ]
