n = 50 ; 
T = 96 ; 
Init = [ 1 0 1 1 0 0 1 1 0 0 1 1 0 1 1 1 0 0 1 0 1 1 1 0 0 1 1 1 0 1 1 0 0 1 1 0 1 0 1 1 1 0 0 1 1 1 0 1 0 1 ]
L = [ 5 7 6 6 12 19 12 17 17 18 5 11 8 9 10 13 9 9 17 16 13 4 6 9 17 16 16 5 13 9 12 9 5 9 8 16 9 12 8 10 7 16 8 10 11 12 8 8 8 17 ]
l = [ 5 7 6 6 12 19 12 17 17 18 5 11 8 9 10 13 9 9 17 16 13 4 6 9 17 16 16 5 13 9 12 9 5 9 8 16 9 12 8 10 7 16 8 10 11 12 8 8 8 17 ]
Pmin = [ 19 33 27 32 65 100 57 84 88 100 22 56 47 44 56 67 43 48 97 84 68 18 29 40 96 92 92 25 67 46 67 44 21 45 39 87 42 58 43 49 40 86 39 52 55 61 32 35 35 85 ]
Pmax = [ 52 118 84 100 252 407 221 338 351 413 75 214 151 158 195 240 145 157 367 315 282 26 83 143 374 347 358 63 271 184 270 152 64 156 146 338 148 214 134 162 141 357 138 197 205 237 114 134 129 348 ]
cf = [ 46.065 28.2857 68.2186 60.5177 43.6536 20.4795 41.9227 13.7982 51.7928 31.0071 61.888 34.4821 23.3321 63.5191 24.6579 65.8551 44.071 7.75346 29.7838 47.9099 32.4643 53.808 12.9579 44.8221 50.479 19.5696 18.5512 34.8968 44.7575 48.8208 42.9168 20.8226 7.10658 41.1354 11.3402 43.7601 54.6148 46.263 50.5583 36.4076 7.27006 42.4463 63.8897 23.6021 35.9654 18.5476 19.4572 10.0364 19.3011 42.241 ]
c0 = [ 58 95 78 105 180 250 164 220 236 250 71 164 135 131 154 188 120 146 250 217 193 71 86 112 247 246 243 82 190 137 187 136 61 136 119 234 128 159 114 138 115 225 108 157 144 168 104 104 106 218 ]
cp = [ 40.9265 28.8606 39.6074 37.5456 27.8464 12.4197 32.2599 15.789 20.2571 12.6584 33.131 22.3805 39.2936 27.6572 22.7625 23.6645 24.594 32.1716 16.7406 15.3723 26.6975 41.8625 38.1052 27.516 21.2903 13.2243 25.2268 37.8097 12.5415 27.3336 24.7459 26.2567 37.0625 37.104 28.0473 20.1971 32.4159 23.1076 25.3601 24.7384 37.2252 15.0811 26.1514 30.2006 35.9667 29.0584 24.2384 35.1048 39.1448 14.0174 ]
D = [ 1867 2179 2250 2583 2956 3053 3349 3978 3990 4498 4941 5155 5337 5728 5969 6457 6665 7126 7354 7704 7849 8362 8718 8803 8980 8751 8162 7965 7619 7223 6793 6364 5968 5298 4891 5324 5603 5947 6304 6676 7217 6356 6071 5133 4745 3994 3626 2740 2428 2707 2806 3069 3176 3495 3829 4352 4658 4586 5130 5183 5515 5746 6121 6446 6683 7078 7198 7572 7890 8070 8264 8435 8851 8488 7994 7892 7285 7020 6483 6069 5807 5488 5062 5414 5922 5942 6541 7080 7147 6678 6052 5627 5114 4587 3817 3265 ]
