n = 50 ; 
T = 96 ; 
Init = [ 1 0 0 1 1 1 1 1 1 0 1 1 0 1 0 0 1 1 0 0 1 1 0 0 1 1 0 0 1 0 0 0 0 0 0 0 1 1 1 0 0 0 1 0 1 0 0 0 1 0 ]
L = [ 7 9 13 11 13 7 8 19 10 11 8 16 10 18 10 15 12 16 12 15 18 5 7 7 11 11 9 11 7 10 4 14 8 18 13 10 5 15 17 18 6 10 8 18 12 17 6 20 11 17 ]
l = [ 7 9 13 11 13 7 8 19 10 11 8 16 10 18 10 15 12 16 12 15 18 5 7 7 11 11 9 11 7 10 4 14 8 18 13 10 5 15 17 18 6 10 8 18 12 17 6 20 11 17 ]
Pmin = [ 40 56 78 58 73 30 41 100 56 52 37 79 48 100 51 89 69 86 57 81 100 28 36 30 58 54 51 60 29 55 17 75 43 97 66 53 24 81 93 94 26 48 38 100 69 91 27 100 56 85 ]
Pmax = [ 129 191 288 225 283 110 148 420 202 192 122 325 185 387 199 342 259 327 225 334 398 85 115 106 216 195 191 227 95 190 34 306 139 385 255 204 63 308 366 380 91 185 133 404 246 353 94 420 213 341 ]
cf = [ 60.2 32.1595 16.1886 50.364 65.7311 31.9723 39.4179 14.5975 58.604 8.04389 53.0839 41.9109 25.7485 52.0095 18.4265 8.69467 24.0786 21.8857 55.5535 60.0195 18.0161 64.7337 26.4032 47.5352 45.0165 38.6373 18.838 21.0692 51.6546 36.8058 39.6486 41.8546 61.9653 48.8372 22.2186 57.6965 10.8095 54.6364 65.2939 62.4135 55.6803 48.3778 34.3243 11.4288 30.3873 45.7508 13.1235 47.4659 60.6365 61.677 ]
c0 = [ 124 153 217 158 197 92 108 250 165 143 119 210 137 250 135 245 177 232 161 219 250 97 115 93 155 157 138 163 91 156 68 197 136 250 184 149 70 221 246 250 76 136 112 250 180 240 88 250 152 220 ]
cp = [ 32.7223 36.2017 24.2959 31.2344 25.1736 34.2484 31.2309 9.27306 35.1231 35.2599 29.2654 19.658 31.3888 12.7711 34.2656 23.5048 22.6504 15.3486 19.6421 14.6206 11.3363 33.0562 41.4197 36.4179 28.1351 17.354 35.466 23.9536 33.0228 35.2112 41.7396 33.0255 35.7533 17.732 22.5909 33.0757 39.9418 25.4733 13.7404 10.5651 31.3787 36.689 27.0056 11.611 19.8765 11.39 37.7833 8.34152 34.0786 15.9339 ]
D = [ 1613 1936 2553 2808 2900 3411 3686 4242 4448 5078 5444 5455 6199 6429 6964 7239 7421 7904 8079 8547 9165 9449 9685 10099 10477 9842 9206 8950 8206 8022 7262 6841 6166 5659 5128 5694 6399 6841 7599 8146 8405 7927 7332 6734 5673 5248 4560 3766 3032 3540 3558 4025 4410 4684 4922 5187 5215 5544 6095 6129 6439 6557 7192 7393 7716 7898 8254 8336 8607 9050 9204 9286 9726 9548 8887 8462 8277 7798 7550 7229 6532 6024 5894 6150 6933 7160 7405 7938 8665 8062 7230 6419 5656 5182 4295 4027 ]
