n = 50 ; 
T = 96 ; 
Init = [ 0 0 1 1 0 0 1 0 0 0 0 0 0 0 1 0 1 1 0 1 0 1 0 1 1 0 0 0 0 0 1 1 0 0 0 0 0 1 0 0 0 1 1 0 1 0 0 0 1 0 ]
L = [ 14 14 13 8 11 15 11 20 8 8 13 9 8 9 13 7 15 9 13 15 6 11 19 6 16 9 9 12 15 16 4 15 8 13 19 17 8 18 5 18 16 18 9 15 19 14 16 7 10 20 ]
l = [ 14 14 13 8 11 15 11 20 8 8 13 9 8 9 13 7 15 9 13 15 6 11 19 6 16 9 9 12 15 16 4 15 8 13 19 17 8 18 5 18 16 18 9 15 19 14 16 7 10 20 ]
Pmin = [ 77 79 65 32 58 75 57 100 35 34 78 44 38 44 74 35 76 52 69 86 33 61 97 27 88 37 42 58 81 86 18 84 40 65 98 88 42 100 24 97 92 96 47 77 100 74 83 36 53 100 ]
Pmax = [ 308 316 237 109 210 313 211 420 138 129 287 164 131 176 278 106 307 182 275 319 92 211 386 85 329 147 140 219 317 333 34 317 122 249 404 342 151 394 72 388 352 389 157 307 420 285 343 117 204 420 ]
cf = [ 52.3405 50.4097 12.9129 7.46782 27.6281 40.0072 48.3625 39.0711 9.04685 64.2202 67.2328 63.9473 52.816 42.4018 12.0959 47.3154 52.024 42.4913 47.8321 15.1392 55.581 23.0096 37.7444 33.2538 24.6572 54.4441 66.3041 64.718 40.5698 57.8098 61.4414 22.9102 38.2195 67.3544 23.3781 58.8476 37.3616 64.7406 27.9187 39.4084 58.9608 25.1515 33.3558 41.7767 60.5533 38.4517 19.0922 42.5773 10.9429 59.9243 ]
c0 = [ 208 202 172 89 161 198 148 250 111 106 218 126 110 136 207 108 204 143 184 237 107 159 249 88 231 114 116 160 210 227 73 230 121 169 250 224 123 250 77 248 244 248 137 195 250 199 223 114 156 250 ]
cp = [ 18.8296 19.3135 35.7121 28.335 20.3998 23.3536 24.2181 8.3556 33.5288 30.4617 23.7712 28.356 33.8941 26.5818 23.0756 35.4134 14.5453 23.9303 23.1557 22.4994 40.0575 25.36 12.3257 40.8185 16.633 30.1802 31.0121 20.6679 17.1868 18.95 41.2322 24.2896 34.9566 29.3179 11.622 18.2766 36.9117 15.7745 35.8624 9.16951 17.8518 8.86335 32.4979 15.3778 9.4196 21.836 24.5601 37.3096 24.635 8.93121 ]
D = [ 1960 2574 2567 2961 3393 3993 3938 4554 4794 4959 5720 5751 6230 6721 6950 7040 7679 8129 8281 8507 9099 9083 9640 9933 10155 9843 9304 9307 8642 8145 7704 7576 6869 6551 5992 6669 6949 7288 7758 8407 8564 7795 6952 6542 5441 4956 3812 3480 2587 3032 3273 3769 4090 4273 4519 4758 5391 5447 5872 6125 6514 7208 7334 7655 7935 8302 8850 9129 9422 9851 10274 10373 10905 10463 9648 9263 8659 8475 8111 7553 6993 6524 6117 6518 6871 7350 8122 8763 8952 8019 7261 6664 6079 5102 4481 3353 ]
