n = 50 ; 
T = 96 ; 
Init = [ 0 1 0 0 0 1 0 0 0 1 1 0 1 0 1 1 0 1 0 0 0 1 1 0 0 1 0 1 1 0 0 0 1 0 0 1 1 1 1 1 0 1 1 1 1 1 0 1 0 0 ]
L = [ 7 7 7 7 5 5 5 5 5 12 12 8 8 8 8 4 4 4 5 5 5 5 5 16 11 11 11 11 11 8 8 8 13 13 13 13 5 5 5 5 6 6 10 10 10 10 8 8 8 14 ]
l = [ 7 7 7 7 5 5 5 5 5 12 12 8 8 8 8 4 4 4 5 5 5 5 5 16 11 11 11 11 11 8 8 8 13 13 13 13 5 5 5 5 6 6 10 10 10 10 8 8 8 14 ]
Pmin = [ 32 32 32 32 27 27 27 27 27 63 63 44 44 44 44 19 19 19 25 25 20 20 20 81 60 60 60 60 60 37 37 37 61 61 61 61 23 23 23 23 28 28 48 48 48 48 43 43 43 79 ]
Pmax = [ 98 98 98 98 80 80 80 80 80 239 239 143 143 143 143 41 41 41 67 67 65 65 65 319 217 217 217 217 217 131 131 131 248 248 248 248 80 58 58 58 95 95 193 193 193 193 138 138 138 293 ]
cf = [ 54.4195 54.4195 54.4195 54.4195 46.8977 46.8977 46.8977 46.8977 46.8977 59.9101 59.9101 27.7365 27.7365 27.7365 27.7365 31.6287 31.6287 31.6287 37.0821 37.0821 46.8408 46.8408 46.8408 51.0469 14.1015 14.1015 14.1015 14.1015 14.1015 38.7842 38.7842 38.7842 54.5604 54.5604 54.5604 54.5604 17.9231 34.7409 34.7409 34.7409 27.0288 27.0288 9.98291 9.98291 9.98291 9.98291 59.035 59.035 59.035 35.4648 ]
c0 = [ 88 88 88 88 87 87 87 87 87 180 180 126 126 126 126 68 68 68 78 78 61 61 61 220 162 162 162 162 162 111 111 111 165 165 165 165 87 81 81 81 93 93 127 127 127 127 128 128 128 214 ]
cp = [ 36.5479 36.5479 36.5479 36.5479 39.7659 39.7659 39.7659 39.7659 39.7659 22.5744 22.5744 40.7448 40.7448 40.7448 40.7448 41.9119 41.9119 41.9119 33.9207 33.9207 37.7602 37.7602 37.7602 12.0274 18.4079 18.4079 18.4079 18.4079 18.4079 30.2783 30.2783 30.2783 19.0923 19.0923 19.0923 19.0923 39.0204 40.907 40.907 40.907 38.7553 38.7553 26.506 26.506 26.506 26.506 33.6292 33.6292 33.6292 18.0218 ]
D = [ 658 807 1101 1475 1509 1901 2132 2146 2340 2747 2869 3146 3224 3496 3873 3995 4256 4535 4547 4868 5017 5376 5434 5882 6012 5861 5601 5182 4889 4717 4477 4209 3965 3798 3420 3741 3968 4089 4466 4666 4709 4345 3958 3480 3166 2671 2358 1821 1525 1572 1953 2049 2095 2315 2641 2772 3011 3064 3209 3538 3735 3707 4034 4122 4242 4539 4705 4874 4932 5298 5302 5542 5744 5471 5270 4945 4912 4615 4320 4099 3934 3578 3275 3727 3898 4228 4368 4599 4803 4536 4016 3602 3392 3021 2516 1984 ]
