n = 50 ; 
T = 96 ; 
Init = [ 1 0 0 0 1 1 0 0 1 0 0 0 1 1 1 1 0 1 0 1 0 1 1 0 0 1 0 0 0 0 1 1 1 1 1 0 0 1 1 1 0 1 0 1 0 1 0 1 0 0 ]
L = [ 5 18 20 15 5 9 8 13 19 6 16 5 4 12 17 13 14 12 18 11 18 4 8 18 7 14 7 12 17 9 5 16 7 15 6 16 16 10 10 16 5 18 20 17 13 7 14 6 17 19 ]
l = [ 5 18 20 15 5 9 8 13 19 6 16 5 4 12 17 13 14 12 18 11 18 4 8 18 7 14 7 12 17 9 5 16 7 15 6 16 16 10 10 16 5 18 20 17 13 7 14 6 17 19 ]
Pmin = [ 17 100 100 78 19 44 41 69 100 19 85 18 23 71 91 67 73 63 99 53 93 14 47 97 31 73 34 65 88 45 23 86 39 81 29 76 95 49 54 83 18 98 100 90 72 39 73 29 96 100 ]
Pmax = [ 48 389 420 322 52 141 137 269 420 65 327 40 55 271 366 256 279 248 386 208 364 42 155 405 117 285 131 250 363 146 46 341 131 335 93 313 361 192 200 330 56 403 420 378 271 142 283 100 375 420 ]
cf = [ 51.205 15.6409 26.6241 38.378 28.5022 45.8645 68.2056 63.22 34.0626 54.323 13.2992 39.3338 10.9641 48.0278 65.6487 54.9777 47.4067 53.3264 26.5141 16.9052 27.0201 62.0159 10.8086 47.4349 62.4199 69.9133 55.9431 58.1601 11.3351 51.7411 59.0203 55.5401 60.382 15.6444 23.9182 18.8842 54.5089 22.1238 12.1042 18.5715 69.4468 18.4034 50.9052 10.411 59.4312 46.5539 58.3887 36.8379 29.8803 14.9028 ]
c0 = [ 63 250 250 206 67 125 128 188 250 56 222 71 76 180 246 191 189 180 250 152 239 50 141 248 91 196 105 183 239 123 68 223 117 214 96 215 250 140 152 222 67 250 250 227 204 108 206 82 250 250 ]
cp = [ 37.9371 15.0892 10.2435 19.6266 39.0589 34.8423 35.0459 28.5407 10.0686 37.3108 9.65806 39.9468 41.1718 16.8928 10.4167 16.7771 21.555 20.5838 9.71934 27.5846 15.0799 41.9299 30.7754 15.4583 30.018 14.7331 36.4157 18.0908 11.6618 19.005 38.3311 17.0093 30.9271 19.9992 36.9556 25.1835 15.396 23.2047 31.0698 12.9216 38.0051 11.4712 8.81383 22.4894 23.9003 34.8841 20.276 36.2809 15.7715 9.2111 ]
D = [ 2090 2371 2464 3110 3512 3905 4137 4512 4942 5309 5746 6138 6302 6498 7285 7497 7602 8009 8463 8736 9507 9865 10227 10369 10675 10077 9607 9558 8640 8495 7804 7615 6914 6414 6034 6276 6712 7105 7822 8319 8710 7959 7411 6531 6075 5475 4906 4187 3545 3623 3999 4461 4548 4885 5376 5798 5922 6235 6433 7006 6948 7425 7532 7903 8195 8835 9165 9340 9597 9680 10033 10324 10941 10386 9927 9401 8665 8210 7822 6896 6686 5904 5608 6337 6744 7321 8170 8869 9457 8794 7885 7172 6215 5581 4469 3972 ]
