n = 50 ; 
T = 96 ; 
Init = [ 1 0 0 1 0 0 1 0 0 0 0 1 0 0 0 1 1 1 1 0 0 1 1 0 0 0 0 0 0 1 1 1 1 1 0 1 1 0 1 1 0 0 0 0 0 0 1 1 1 0 ]
L = [ 9 14 9 13 14 10 10 16 9 16 10 17 8 16 16 9 9 13 12 16 15 6 17 5 7 7 16 9 18 15 12 12 7 6 19 12 14 9 15 9 8 14 18 14 6 16 17 17 9 17 ]
l = [ 9 14 9 13 14 10 10 16 9 16 10 17 8 16 16 9 9 13 12 16 15 6 17 5 7 7 16 9 18 15 12 12 7 6 19 12 14 9 15 9 8 14 18 14 6 16 17 17 9 17 ]
Pmin = [ 45 68 48 77 67 49 48 86 48 84 50 86 39 80 93 41 42 62 66 91 89 25 86 31 33 41 88 50 95 76 61 65 33 28 100 61 70 42 75 49 44 72 100 68 28 92 92 92 46 91 ]
Pmax = [ 175 281 185 295 274 199 182 323 160 333 200 344 139 325 352 149 152 249 252 350 338 91 357 95 124 136 351 189 385 299 242 248 108 88 420 229 272 153 298 183 141 280 391 272 85 357 360 382 151 374 ]
cf = [ 27.5308 60.1485 43.8197 20.4733 59.5905 44.3008 50.6656 37.3069 19.3593 20.8858 66.2088 66.0044 43.766 8.74916 65.47 61.9492 32.1451 27.3939 55.473 34.1532 39.176 45.9206 43.4674 52.1402 64.7611 27.7708 31.007 54.9266 18.0266 68.2035 42.5287 38.5573 58.3521 16.3483 52.0306 47.9426 53.6491 32.6962 15.2494 66.0084 46.582 11.4582 62.0128 20.348 13.2074 57.4829 12.2972 38.3524 14.8768 60.7702 ]
c0 = [ 137 188 131 215 176 138 140 231 143 232 132 218 114 215 243 121 115 180 190 239 228 89 237 107 91 119 235 145 250 204 173 175 91 99 250 164 187 132 192 131 134 185 250 180 95 244 248 249 133 245 ]
cp = [ 35.585 13.2496 32.9647 22.1037 12.1793 32.6397 28.3558 14.204 33.7604 25.3691 33.9904 18.6963 35.5261 12.958 20.0859 27.6827 27.3291 23.4454 29.7101 11.9666 13.9063 29.3106 22.0588 39.2389 36.086 31.6893 16.8609 30.555 10.8024 13.6552 19.3606 22.9929 32.4589 33.4321 10.0279 25.4048 33.2149 31.074 19.332 36.6881 35.8701 19.1533 14.5228 15.9248 33.8195 19.8668 8.87592 20.669 20.5496 14.1471 ]
D = [ 2241 2806 3108 3180 3466 4147 4502 4758 5112 5625 5675 5998 6554 6921 7113 7577 7797 8199 8569 8951 9299 9528 10044 10589 10640 10209 9972 9541 9032 8336 7832 7339 6857 6303 6009 6379 7072 7223 7974 8195 8984 8257 7274 6616 5906 5239 4219 3854 3145 3299 3406 3851 4235 4379 4782 5413 5519 5897 6037 6532 7083 7143 7405 7656 8017 8526 8640 8999 9727 9909 10284 10596 10959 10407 10016 9292 8655 8372 7726 7646 7188 6320 5882 6505 6954 7616 8066 8768 9003 8397 7448 7038 6163 5148 4661 3818 ]
