n = 50 ; 
T = 96 ; 
Init = [ 0 1 0 1 0 1 0 1 0 0 1 1 1 0 1 1 1 1 0 1 0 0 1 0 1 1 1 1 1 0 1 1 1 1 0 0 1 0 1 1 0 0 0 1 0 1 0 0 1 1 ]
L = [ 18 5 20 9 12 7 7 4 5 14 12 11 13 19 15 4 11 20 19 8 11 17 11 18 16 11 13 12 12 9 11 19 20 10 5 11 14 10 9 14 12 13 16 14 5 15 16 5 14 16 ]
l = [ 18 5 20 9 12 7 7 4 5 14 12 11 13 19 15 4 11 20 19 8 11 17 11 18 16 11 13 12 12 9 11 19 20 10 5 11 14 10 9 14 12 13 16 14 5 15 16 5 14 16 ]
Pmin = [ 100 26 100 53 54 34 26 17 31 79 58 65 71 100 72 13 57 100 100 41 57 97 56 97 83 58 68 70 62 52 58 100 100 50 22 58 72 52 45 81 58 76 87 75 22 85 81 17 68 90 ]
Pmax = [ 411 69 415 178 216 135 97 52 85 296 229 231 275 420 288 41 211 420 409 127 223 384 210 374 322 209 259 253 254 185 202 420 420 173 57 217 271 185 150 314 217 278 346 311 50 328 334 48 278 354 ]
cf = [ 15.1212 19.2515 36.3468 8.78468 11.4631 43.4527 49.7924 46.0901 53.9684 48.4781 21.5283 36.5569 63.8166 16.6108 27.9411 62.6366 22.6923 63.341 24.1304 10.676 12.3305 14.6636 21.7526 56.166 16.9637 16.8495 49.3332 9.05923 27.0641 35.5469 34.3544 35.1853 47.7984 63.7012 36.97 52.2615 37.154 16.7624 28.3516 21.1224 58.2405 42.8799 50.6793 52.0571 52.4907 8.62042 44.6937 68.1829 64.9614 61.8241 ]
c0 = [ 250 80 250 154 144 109 82 68 98 211 158 178 186 250 186 60 153 250 250 131 156 245 165 250 211 163 185 182 181 149 166 250 250 148 86 151 196 145 135 208 169 196 235 192 84 234 223 56 190 235 ]
cp = [ 12.282 37.7245 9.6736 21.8384 30.8368 38.319 31.8556 41.552 39.9839 17.1814 28.7025 30.7245 19.8805 10.5787 18.2277 41.5795 18.0714 8.56866 9.67043 29.3144 30.9463 17.1432 35.1864 9.11952 15.9094 29.8074 26.0025 36.2845 20.5087 33.3443 24.2879 15.1536 8.71584 31.6771 40.7279 30.2569 20.4762 31.1686 32.7381 15.8424 20.3914 19.5267 12.5611 24.2114 40.9566 27.2156 15.815 40.3372 19.2632 16.9742 ]
D = [ 1051 1559 1957 2208 2851 3313 3555 3732 4288 4650 5098 5297 6017 6314 6599 6793 7367 7537 8262 8375 9020 9416 9799 10149 10520 10019 9584 9084 8577 7797 7543 7209 6557 5848 5384 6081 6539 7495 7989 8623 9087 8335 7945 6962 6597 5640 4943 4300 3728 3801 3988 4536 4652 4819 5339 5628 6020 6213 6330 6965 7174 7381 7868 7953 8520 8562 8977 9026 9386 9999 9919 10500 10652 10324 9661 9383 8851 8465 7612 7351 6739 6247 5763 6401 6735 7431 7587 8014 8605 7935 7581 6964 6203 5566 4735 4243 ]
