n = 50 ; 
T = 96 ; 
Init = [ 1 1 1 1 0 0 1 1 1 1 0 0 1 0 0 1 1 1 0 1 0 1 1 1 1 1 1 0 1 1 1 0 0 0 0 1 0 1 0 0 0 1 0 1 1 1 0 1 0 0 ]
L = [ 20 11 6 6 17 14 19 8 7 14 11 15 10 9 8 19 19 7 14 13 14 20 8 19 10 9 4 10 11 6 6 6 16 11 13 8 4 10 13 10 5 19 8 9 9 6 11 10 17 10 ]
l = [ 20 11 6 6 17 14 19 8 7 14 11 15 10 9 8 19 19 7 14 13 14 20 8 19 10 9 4 10 11 6 6 6 16 11 13 8 4 10 13 10 5 19 8 9 9 6 11 10 17 10 ]
Pmin = [ 100 48 35 30 96 78 100 43 27 78 65 86 51 47 40 98 100 29 79 70 67 100 40 100 57 48 18 51 55 28 31 28 91 63 70 39 14 55 68 50 28 100 37 40 46 30 54 49 88 52 ]
Pmax = [ 420 189 113 85 384 311 405 150 102 283 233 323 175 177 132 405 409 103 297 262 274 420 131 411 201 185 28 196 201 81 112 104 346 226 255 139 40 206 242 195 87 420 138 152 179 83 203 168 365 200 ]
cf = [ 32.8825 53.9013 42.5977 42.7115 31.6179 41.1443 62.9088 62.4579 68.0573 64.5933 31.88 48.0176 29.3585 10.3099 25.9991 61.445 27.085 53.4125 52.1882 10.0556 24.0844 35.3937 64.1377 14.7461 17.9505 53.2558 12.154 51.9713 62.2294 27.4578 41.263 25.1119 11.3591 13.8606 60.8234 35.977 48.005 53.7322 28.4349 46.0623 48.3255 53.3149 24.0799 7.684 56.6249 43.079 62.129 13.7099 26.4916 44.3172 ]
c0 = [ 250 130 115 83 250 216 250 125 78 216 170 224 154 144 110 250 250 86 206 185 183 250 109 250 169 134 64 143 142 89 100 88 242 175 189 109 54 162 189 143 93 250 117 124 139 104 153 130 226 153 ]
cp = [ 8.37862 30.858 37.4894 38.2519 12.0456 21.7132 9.78652 33.1795 39.4944 22.6273 15.968 23.5421 17.0304 32.2465 25.3584 9.68331 12.225 34.2882 18.9557 19.5487 31.0625 10.9095 36.6992 9.76944 29.4913 34.2136 41.0635 28.9509 26.3812 37.0498 40.6876 38.2917 15.1543 21.5406 29.675 30.0667 41.9921 25.0759 23.7396 36.4151 39.1554 10.8084 38.7786 36.6861 34.1654 39.3467 28.7029 30.2729 14.1999 30.2737 ]
D = [ 1097 1665 1986 2372 2588 2676 3154 3684 3680 4175 4597 4848 5002 5463 5966 6238 6292 6829 6905 7272 7714 8121 8193 8733 8805 8723 8384 7940 7631 7300 6706 6613 6105 5506 5474 5693 6114 6651 7074 7587 8294 7183 6411 5737 5183 4589 3441 3038 2007 2573 2886 3174 3350 3588 3938 4153 4587 4794 4870 5496 5620 5870 6030 6646 6853 7060 7496 7759 7938 8445 8478 8808 9333 8582 8151 7742 7374 7001 6866 6206 5687 5572 4909 5642 6001 6765 7000 7922 8180 7321 6858 6070 5169 4573 3688 3124 ]
