n = 50 ; 
T = 96 ; 
Init = [ 1 0 0 1 0 0 1 0 1 0 0 1 0 1 0 0 1 0 1 0 0 0 0 1 1 0 0 0 0 1 0 1 1 0 1 1 0 0 0 1 0 0 0 0 1 0 0 0 0 0 ]
L = [ 10 15 5 8 16 5 5 14 7 7 18 8 19 8 5 15 13 14 10 6 9 15 14 13 5 15 16 18 19 9 14 17 6 20 6 18 12 12 15 10 6 19 7 9 10 10 6 17 11 14 ]
l = [ 10 15 5 8 16 5 5 14 7 7 18 8 19 8 5 15 13 14 10 6 9 15 14 13 5 15 16 18 19 9 14 17 6 20 6 18 12 12 15 10 6 19 7 9 10 10 6 17 11 14 ]
Pmin = [ 48 81 20 48 78 25 20 81 29 35 93 42 100 41 22 88 71 81 50 26 43 80 72 62 19 78 94 100 100 45 73 88 31 100 28 100 60 67 81 55 25 100 38 46 55 55 29 84 57 78 ]
Pmax = [ 171 300 64 163 321 75 62 309 90 119 381 136 420 131 55 331 265 299 190 81 157 316 273 254 54 312 360 413 408 154 275 365 98 420 78 393 233 238 325 190 76 403 122 175 207 212 102 343 225 301 ]
cf = [ 69.0118 38.3331 47.3246 25.6648 13.6118 28.5946 8.96399 68.5178 23.9333 64.4818 8.99376 53.7293 32.4866 50.5111 19.2405 14.8518 69.102 65.8309 31.8574 58.5731 58.1619 52.9272 61.007 41.1249 18.2189 50.4114 7.40778 39.903 65.5433 42.8274 54.9793 64.555 11.1605 32.3039 20.2198 17.7723 53.8985 22.1838 16.2901 7.83181 16.6657 18.2839 54.5611 42.1522 61.795 66.8016 50.0041 60.897 62.6325 11.8615 ]
c0 = [ 138 218 80 130 210 77 70 217 82 97 238 131 250 127 79 241 190 206 150 90 135 211 190 173 71 214 250 250 250 120 196 232 100 250 95 250 171 178 223 161 79 250 117 132 160 152 88 216 159 202 ]
cp = [ 19.7024 22.1002 37.691 26.8091 13.7901 38.727 40.086 19.644 30.2788 34.0584 15.7391 34.7444 15.3992 38.7588 40.6763 13.1216 29.4723 26.1416 33.3892 39.2867 24.682 20.4713 16.4847 29.9653 39.0071 15.6847 21.2305 10.9418 12.3438 28.7321 21.7481 8.41228 35.5066 8.29033 37.506 21.1506 27.3021 15.793 15.4758 21.7926 37.8634 13.9831 36.2328 28.1746 28.0822 28.6452 37.1165 11.3394 28.3388 19.1824 ]
D = [ 2059 2060 2408 2863 3043 3673 3771 4019 4716 4962 5125 5365 5864 6246 6444 6883 7327 7536 7789 8146 8493 8781 9461 9443 9743 9740 9215 8755 8359 7714 7565 7058 6517 5936 5546 6109 6201 6832 7305 7757 7855 7153 6947 6206 5548 4760 4122 3570 3018 3543 3637 3899 4331 4396 4695 5354 5260 5924 6032 6232 6495 6777 7120 7625 7991 7955 8610 8884 8811 9336 9563 9753 10251 9756 9300 8903 8045 7733 7173 6734 6210 5889 5417 5979 6378 6858 7342 7792 8199 7348 6554 6223 5357 4611 4047 3252 ]
