n = 50 ; 
T = 96 ; 
Init = [ 1 0 1 1 1 0 0 1 0 0 1 0 1 0 1 0 0 1 1 1 0 0 0 1 0 1 1 1 1 0 1 1 0 1 0 0 1 0 1 1 0 0 0 0 1 1 0 1 0 0 ]
L = [ 5 19 10 4 8 11 10 16 5 5 20 7 17 15 7 15 15 14 17 16 5 16 11 20 8 16 11 6 15 6 16 6 4 13 19 12 8 7 11 9 19 7 15 12 12 7 17 4 5 8 ]
l = [ 5 19 10 4 8 11 10 16 5 5 20 7 17 15 7 15 15 14 17 16 5 16 11 20 8 16 11 6 15 6 16 6 4 13 19 12 8 7 11 9 19 7 15 12 12 7 17 4 5 8 ]
Pmin = [ 20 100 54 21 40 52 51 88 25 21 100 32 86 82 35 83 79 71 90 84 27 91 57 100 44 92 61 30 78 28 85 34 19 66 98 62 37 32 56 52 100 37 78 72 57 38 93 20 18 36 ]
Pmax = [ 69 413 190 66 156 209 202 346 68 59 410 99 349 313 128 312 327 282 362 316 63 344 209 420 141 359 225 98 298 106 334 105 45 260 409 229 132 119 225 173 420 130 297 261 228 117 358 64 61 135 ]
cf = [ 45.589 57.5428 31.1497 7.66706 69.8056 46.1878 41.1439 10.6507 49.1793 25.1748 21.1657 61.6568 10.1897 33.6713 18.4264 30.9609 44.916 35.1535 63.3399 34.3097 13.3851 20.1744 65.6874 48.0324 9.24381 50.4262 32.4499 31.5659 26.8723 50.4653 34.4509 65.4612 38.0081 58.6006 66.1283 37.8137 34.7884 37.2722 41.4644 13.9677 55.447 55.6301 68.6245 58.6367 19.3014 17.0509 19.5975 57.2174 45.2045 12.9375 ]
c0 = [ 59 250 143 74 127 155 137 235 79 79 250 108 228 213 98 222 220 191 241 232 86 237 155 250 120 242 159 84 213 81 218 109 61 176 250 162 105 100 163 150 250 111 209 201 164 119 241 73 61 98 ]
cp = [ 40.3198 16.0391 31.9041 40.5147 35.8236 30.4025 38.7151 23.5305 41.5796 39.8439 12.3879 35.4117 16.7323 23.7954 27.2752 19.2853 18.1477 19.3811 21.0792 26.5289 26.7577 19.2521 30.8956 8.91985 25.4814 13.7586 21.5775 30.5697 12.9547 33.3066 15.0868 28.8132 41.3248 23.7674 25.4239 32.8994 30.4887 39.5838 32.9354 27.5148 11.0765 29.2635 15.0662 24.3176 17.3461 39.1266 10.4101 41.785 34.7133 24.4801 ]
D = [ 1239 1785 2077 2391 2481 2931 3138 3437 4127 4472 4398 4897 5222 5588 6116 6255 6477 7005 7233 7387 8075 8287 8458 8976 9106 8780 8651 8280 7782 7168 6880 6374 6402 5653 5557 5693 6260 6813 6919 7424 7993 7053 6661 5735 5258 4640 3949 2940 2441 2693 2983 3515 3589 3884 4293 4553 4936 5215 5454 5888 6022 6427 6608 6899 7439 7729 7769 8041 8610 8820 9286 9483 9673 9054 8757 8504 7797 7263 7195 6669 6085 5580 5284 5719 6029 6237 6631 7022 7632 6938 6013 5430 4838 4217 3624 2845 ]
