n = 50 ; 
T = 96 ; 
Init = [ 1 0 0 0 0 1 0 1 0 1 0 1 0 1 1 1 1 0 1 1 1 1 1 1 0 0 1 0 0 0 1 1 1 1 1 1 0 0 0 0 1 0 1 1 0 0 0 1 0 1 ]
L = [ 12 12 8 8 8 8 16 16 10 10 10 10 11 11 11 11 7 7 7 7 7 5 5 5 13 13 13 10 10 10 10 19 19 19 19 18 18 18 18 18 8 8 6 6 6 6 5 5 5 7 ]
l = [ 12 12 8 8 8 8 16 16 10 10 10 10 11 11 11 11 7 7 7 7 7 5 5 5 13 13 13 10 10 10 10 19 19 19 19 18 18 18 18 18 8 8 6 6 6 6 5 5 5 7 ]
Pmin = [ 70 70 40 40 40 40 90 90 50 50 50 50 59 59 59 59 33 33 33 33 33 21 21 21 77 77 77 42 42 42 42 100 100 100 100 93 93 93 93 93 43 43 27 27 27 27 23 23 23 35 ]
Pmax = [ 252 252 122 122 122 122 356 356 196 196 196 196 212 212 212 212 112 112 112 112 112 70 70 70 281 281 281 164 164 164 164 405 405 405 405 367 367 367 367 367 163 163 74 74 74 74 70 70 70 134 ]
cf = [ 40.4729 40.4729 31.2184 31.2184 31.2184 31.2184 24.2005 24.2005 26.8272 26.8272 26.8272 26.8272 47.109 47.109 47.109 47.109 8.52887 8.52887 8.52887 8.52887 8.52887 65.2662 65.2662 65.2662 58.0293 58.0293 58.0293 64.0557 64.0557 64.0557 64.0557 59.3482 59.3482 59.3482 59.3482 21.157 21.157 21.157 21.157 21.157 37.9712 37.9712 38.9856 38.9856 38.9856 38.9856 45.3954 45.3954 45.3954 68.5321 ]
c0 = [ 195 195 128 128 128 128 246 246 138 138 138 138 171 171 171 171 89 89 89 89 89 81 81 81 214 214 214 119 119 119 119 250 250 250 250 237 237 237 237 237 115 115 83 83 83 83 75 75 75 100 ]
cp = [ 33.1907 33.1907 35.4367 35.4367 35.4367 35.4367 11.0258 11.0258 26.0068 26.0068 26.0068 26.0068 25.7679 25.7679 25.7679 25.7679 35.2654 35.2654 35.2654 35.2654 35.2654 37.8677 37.8677 37.8677 19.6538 19.6538 19.6538 37.1538 37.1538 37.1538 37.1538 11.6845 11.6845 11.6845 11.6845 11.1485 11.1485 11.1485 11.1485 11.1485 37.4154 37.4154 33.6908 33.6908 33.6908 33.6908 39.0684 39.0684 39.0684 31.3194 ]
D = [ 1317 1333 1957 2340 2486 2739 3061 3459 3668 3887 4553 4842 5107 5234 5559 5906 6234 6746 6894 7429 7399 7873 8063 8409 9038 8570 8058 7861 7331 6808 6434 6114 5673 5603 4962 5436 5619 6070 6239 6695 7046 6312 5874 5305 4763 4330 3789 3256 2712 2938 3094 3352 3833 3788 4283 4239 4586 4759 5039 5314 5613 6045 6180 6223 6501 6770 7225 7312 7684 7727 8198 8294 8721 8159 7899 7496 7158 6465 6044 5801 5471 4957 4339 5085 5506 5978 6431 6567 6963 6435 5967 5399 4670 4089 3699 3000 ]
