n = 50 ; 
T = 96 ; 
Init = [ 1 0 1 0 1 1 0 0 1 0 0 1 0 1 0 1 1 0 1 1 1 0 1 1 1 1 1 1 0 0 0 0 0 1 0 1 1 0 0 0 0 0 0 0 1 0 1 0 0 0 ]
L = [ 12 13 16 19 14 20 13 6 17 10 11 9 17 14 9 9 8 14 19 15 13 14 11 7 17 12 9 18 19 14 8 13 12 15 5 12 10 11 15 11 15 10 19 10 4 16 11 20 8 20 ]
l = [ 12 13 16 19 14 20 13 6 17 10 11 9 17 14 9 9 8 14 19 15 13 14 11 7 17 12 9 18 19 14 8 13 12 15 5 12 10 11 15 11 15 10 19 10 4 16 11 20 8 20 ]
Pmin = [ 58 75 89 100 73 100 70 32 100 53 57 41 85 74 51 39 34 78 100 78 62 81 59 38 92 67 55 100 100 81 39 73 71 80 16 69 56 62 88 58 84 52 100 50 17 80 56 100 47 100 ]
Pmax = [ 232 272 363 412 280 420 270 108 388 203 221 155 348 298 176 143 125 295 420 317 235 311 209 116 372 262 190 412 420 302 144 286 259 314 52 271 215 235 337 233 320 206 420 201 48 328 216 420 156 420 ]
cf = [ 18.4844 58.7231 42.3869 24.4203 60.1553 32.6019 50.2395 68.0602 43.8604 44.3181 64.9653 25.2708 15.2013 18.9116 17.8945 12.1333 44.2134 39.982 58.3035 8.81798 26.2955 43.9525 29.7195 56.8771 58.7428 34.6792 34.6054 41.7093 48.5518 45.4995 25.408 60.0362 34.2226 60.7949 14.4565 24.3779 23.3968 57.696 22.4381 60.2572 32.0141 17.4034 15.528 40.2154 29.315 26.4225 45.3487 66.5284 59.4045 33.6521 ]
c0 = [ 164 198 227 250 188 250 195 89 250 138 167 126 225 203 135 115 95 209 250 217 173 223 153 101 249 180 146 250 250 225 120 198 186 221 69 186 153 176 232 167 230 142 250 135 54 216 161 250 127 250 ]
cp = [ 11.2549 25.5023 14.1507 8.64833 15.8735 9.85186 20.792 32.4553 15.2222 25.7279 31.6577 26.1193 11.2668 23.807 28.9633 37.47 20.9807 22.2693 10.7763 16.4184 26.511 23.2922 25.149 36.3689 13.5143 20.8803 29.7365 18.5205 10.1496 15.3447 28.4007 22.2348 23.8221 16.1532 39.8355 23.6531 35.8285 21.9329 18.7727 25.9441 15.9601 30.0378 9.13279 18.5771 41.3664 20.9717 30.7171 8.47224 39.2281 8.05776 ]
D = [ 2724 3065 3225 3601 3998 4650 4862 5025 5466 5896 6196 6718 7140 7204 7954 8169 8519 8631 9349 9384 9924 10100 10808 11005 11640 10725 10313 9621 9158 8913 8530 8015 7224 6631 6123 7078 7453 7990 8739 9701 10299 9342 8303 7317 6573 5396 4256 3491 2458 2894 3529 3734 4281 4749 5014 5324 5932 6207 6767 6789 7597 7916 8152 8819 9208 9210 9796 10187 10624 11181 11267 12003 12377 11709 11020 10612 9802 9324 8886 8274 7833 7114 6825 7143 7621 8326 9073 9761 10342 9289 8673 7703 6571 5792 5091 3950 ]
