n = 50 ; 
T = 96 ; 
Init = [ 0 0 1 1 1 1 0 1 0 0 1 0 1 1 1 0 1 0 1 0 1 0 0 0 0 0 1 0 0 0 1 0 0 0 0 0 1 0 1 0 1 0 0 0 1 1 0 0 0 1 ]
L = [ 19 19 12 12 12 12 15 15 15 15 19 10 10 11 11 11 11 19 19 20 20 20 20 4 4 14 19 19 8 8 8 8 20 20 20 7 7 7 12 12 11 11 11 11 9 9 9 9 9 16 ]
l = [ 19 19 12 12 12 12 15 15 15 15 19 10 10 11 11 11 11 19 19 20 20 20 20 4 4 14 19 19 8 8 8 8 20 20 20 7 7 7 12 12 11 11 11 11 9 9 9 9 9 16 ]
Pmin = [ 100 100 66 66 66 66 81 81 81 81 100 53 53 58 58 58 58 100 100 100 100 100 100 13 13 79 100 100 35 35 35 35 100 100 100 30 30 30 67 67 54 64 64 64 49 49 49 49 49 86 ]
Pmax = [ 418 418 243 243 243 243 306 306 306 306 416 182 182 216 216 216 216 420 420 418 418 418 418 25 25 295 418 418 122 122 122 122 420 420 420 86 86 86 258 258 194 226 226 226 183 183 183 183 183 336 ]
cf = [ 48.5835 48.5835 8.61298 8.61298 8.61298 8.61298 22.1111 22.1111 22.1111 22.1111 15.1354 11.7907 11.7907 28.9002 28.9002 28.9002 28.9002 59.8936 59.8936 14.2096 14.2096 14.2096 14.2096 55.4457 55.4457 54.9267 39.9182 39.9182 13.6777 13.6777 13.6777 13.6777 18.925 18.925 18.925 49.8472 49.8472 49.8472 45.8635 45.8635 12.0002 26.2009 26.2009 26.2009 36.9235 36.9235 36.9235 36.9235 36.9235 9.72836 ]
c0 = [ 250 250 184 184 184 184 209 209 209 209 250 147 147 156 156 156 156 250 250 250 250 250 250 53 53 220 250 250 112 112 112 112 250 250 250 104 104 104 191 191 153 174 174 174 139 139 139 139 139 220 ]
cp = [ 12.0037 12.0037 24.7973 24.7973 24.7973 24.7973 10.9952 10.9952 10.9952 10.9952 16.6182 36.7398 36.7398 15.2157 15.2157 15.2157 15.2157 11.5691 11.5691 8.69328 8.69328 8.69328 8.69328 41.9995 41.9995 14.6817 9.06533 9.06533 29.4619 29.4619 29.4619 29.4619 8.22008 8.22008 8.22008 36.1345 36.1345 36.1345 18.772 18.772 24.8109 23.8966 23.8966 23.8966 33.5968 33.5968 33.5968 33.5968 33.5968 9.97112 ]
D = [ 1442 2069 2462 3068 3080 3869 4090 4423 4784 5233 5832 6242 6551 7160 7254 7753 8367 8528 9008 9670 10146 10574 11013 11413 11875 11440 10939 10256 9468 9295 8568 8017 7546 7295 6424 7088 7741 8215 8790 9382 9884 8730 7909 6896 6433 5284 4348 3574 2891 3232 3616 3892 4248 4465 4971 5167 5675 5643 5884 6655 6772 7151 7546 7611 8039 8500 9045 9195 9711 9615 10179 10420 10769 10630 10037 9579 8775 8709 8255 7811 7243 6833 6325 6698 7090 7674 7904 8464 9179 8053 7285 6521 5938 5225 4187 3188 ]
