n = 50 ; 
T = 96 ; 
Init = [ 1 1 0 1 0 0 1 1 0 1 1 0 0 1 1 0 0 0 1 0 1 0 0 0 0 0 1 0 0 1 1 0 0 1 1 0 0 0 1 0 1 1 0 1 0 1 1 0 1 0 ]
L = [ 10 10 10 10 6 6 6 6 6 15 15 15 6 6 6 6 5 5 5 14 14 14 14 14 12 12 11 11 18 18 18 18 18 18 18 18 19 19 19 19 12 12 12 12 12 6 6 6 18 20 ]
l = [ 10 10 10 10 6 6 6 6 6 15 15 15 6 6 6 6 5 5 5 14 14 14 14 14 12 12 11 11 18 18 18 18 18 18 18 18 19 19 19 19 12 12 12 12 12 6 6 6 18 20 ]
Pmin = [ 50 50 50 50 25 25 25 25 25 80 80 80 29 29 29 29 20 20 20 75 75 75 75 75 61 61 58 58 93 93 93 93 93 100 100 100 100 100 100 100 61 61 61 61 61 22 22 22 97 100 ]
Pmax = [ 180 180 180 180 91 91 91 91 91 322 322 322 93 93 93 93 60 60 60 287 287 287 287 287 228 228 228 228 380 380 380 380 380 406 406 406 411 411 411 411 217 217 217 217 217 71 71 71 381 420 ]
cf = [ 24.1971 24.1971 24.1971 24.1971 45.0873 45.0873 45.0873 45.0873 45.0873 46.6109 46.6109 46.6109 39.2464 39.2464 39.2464 39.2464 62.0508 62.0508 62.0508 65.6162 65.6162 65.6162 65.6162 65.6162 69.3505 69.3505 18.7188 18.7188 38.4398 38.4398 38.4398 38.4398 38.4398 54.6199 54.6199 54.6199 49.1063 49.1063 49.1063 49.1063 26.498 26.498 26.498 26.498 26.498 67.389 67.389 67.389 60.4121 37.1767 ]
c0 = [ 139 139 139 139 86 86 86 86 86 210 210 210 99 99 99 99 73 73 73 207 207 207 207 207 175 175 160 160 240 240 240 240 240 250 250 250 250 250 250 250 168 168 168 168 168 83 83 83 250 250 ]
cp = [ 32.8455 32.8455 32.8455 32.8455 38.8043 38.8043 38.8043 38.8043 38.8043 18.0844 18.0844 18.0844 39.2102 39.2102 39.2102 39.2102 33.1461 33.1461 33.1461 25.1542 25.1542 25.1542 25.1542 25.1542 26.8569 26.8569 28.7141 28.7141 13.8167 13.8167 13.8167 13.8167 13.8167 15.8768 15.8768 15.8768 9.09639 9.09639 9.09639 9.09639 27.73 27.73 27.73 27.73 27.73 38.4837 38.4837 38.4837 11.6006 8.18434 ]
D = [ 1235 1747 2389 2715 2977 3227 3774 4332 4342 4662 5462 5859 5978 6589 7002 7064 7603 7992 8292 8598 8913 9280 10045 10157 10446 10109 9714 9327 8834 8169 7893 7411 6876 6403 5865 6238 7118 7314 7863 8832 8968 8573 7737 6707 6083 5279 4390 3465 2752 3218 3278 3478 4024 4172 4812 5168 5057 5689 5986 6335 6446 7023 7242 7457 8032 8211 8470 9002 9156 9656 9917 10077 10499 9822 9634 9073 8666 7969 7694 7024 6467 5926 5589 5764 6474 6963 7168 7900 8236 7753 6930 6392 5700 5231 4582 3681 ]
