n = 50 ; 
T = 96 ; 
Init = [ 0 0 1 1 1 0 1 0 0 0 0 1 1 1 1 1 0 1 1 1 1 0 0 1 0 0 0 1 1 0 1 1 0 1 0 1 1 0 0 1 0 0 1 1 1 0 1 0 1 0 ]
L = [ 15 17 17 19 8 18 19 17 20 17 6 7 9 10 18 10 19 6 8 18 5 10 13 7 18 9 10 20 11 5 17 9 4 19 5 4 12 5 4 5 16 19 19 17 6 16 7 7 11 15 ]
l = [ 15 17 17 19 8 18 19 17 20 17 6 7 9 10 18 10 19 6 8 18 5 10 13 7 18 9 10 20 11 5 17 9 4 19 5 4 12 5 4 5 16 19 19 17 6 16 7 7 11 15 ]
Pmin = [ 89 94 88 100 42 96 100 97 100 93 33 36 48 51 94 54 100 31 48 96 32 50 60 33 96 46 44 100 59 18 91 50 15 100 27 24 66 20 20 25 87 100 100 88 30 87 32 38 50 88 ]
Pmax = [ 334 390 346 398 152 398 417 381 420 379 92 117 157 197 362 186 417 91 170 368 95 198 244 111 396 158 169 420 215 55 354 178 37 409 77 59 258 63 58 55 346 409 420 349 95 349 115 126 201 333 ]
cf = [ 20.6173 43.9637 31.7773 32.115 41.7148 48.1104 12.664 60.8479 20.0025 31.0414 18.3394 47.4557 19.0955 20.6673 9.78559 45.636 30.5634 43.8042 27.1565 57.2507 21.0249 65.7187 52.9517 50.1672 10.5781 38.2008 24.3722 25.9649 58.2208 32.8493 62.0504 8.83808 69.8129 23.8277 33.9531 41.5277 64.9381 39.6171 32.3757 14.9406 63.6585 43.715 55.3964 12.754 57.3823 58.1819 51.39 17.9457 31.9861 8.5465 ]
c0 = [ 236 250 244 250 114 244 250 248 250 250 101 115 138 151 239 143 250 96 133 250 96 148 159 110 246 136 122 250 157 62 239 148 47 250 84 71 182 74 68 84 233 250 250 224 99 232 94 108 133 234 ]
cp = [ 19.3453 19.1508 12.3112 9.43066 31.1794 13.8841 14.8227 22.5303 8.69376 8.93415 35.5818 36.2701 36.5759 27.7216 10.4292 26.5072 13.3877 39.5065 32.3268 13.7312 35.8813 31.9937 24.6557 21.8218 27.1691 30.5376 28.7446 8.99194 25.6914 35.1715 12.6381 28.3676 41.6332 11.9957 40.2821 41.1796 17.6896 38.2055 39.4462 37.5325 19.1073 8.97643 18.5131 14.1787 34.5278 20.1681 34.7805 38.4417 29.578 17.2925 ]
D = [ 2079 2518 3050 3278 3488 4300 4277 4559 5356 5459 5817 6202 6479 7117 7448 7596 8128 8311 8545 9228 9274 9515 10147 10413 10758 10381 9786 9130 8910 8196 7823 7467 6838 6645 6164 6311 7028 7091 7636 8329 8611 8089 7275 6410 6173 5338 4736 4210 3412 3871 3952 4125 4472 4849 5285 5402 5888 5984 6423 6731 6829 6980 7569 7763 8023 8402 8442 8817 9017 9296 9602 10072 10385 9627 9490 9013 8696 8351 7680 7145 6976 6570 5925 6767 6933 7388 8063 8900 9167 8252 7836 7108 6060 5481 4663 4060 ]
