n = 50 ; 
T = 96 ; 
Init = [ 1 0 0 0 1 1 1 0 0 1 1 0 1 0 1 1 0 1 0 1 1 0 1 0 1 1 1 1 1 1 0 1 0 0 1 1 1 0 1 1 0 0 0 1 0 1 0 0 1 1 ]
L = [ 4 17 11 12 17 18 13 8 6 7 19 20 8 5 13 19 6 10 16 6 18 17 10 15 9 17 7 19 9 16 17 11 9 11 12 15 16 5 5 17 20 7 7 7 14 13 13 10 12 9 ]
l = [ 4 17 11 12 17 18 13 8 6 7 19 20 8 5 13 19 6 10 16 6 18 17 10 15 9 17 7 19 9 16 17 11 9 11 12 15 16 5 5 17 20 7 7 7 14 13 13 10 12 9 ]
Pmin = [ 23 99 57 65 90 92 73 36 29 28 100 100 42 29 64 100 27 58 93 35 94 94 45 84 39 84 31 100 49 82 94 57 43 61 67 83 83 33 19 88 100 32 33 26 67 75 75 53 62 48 ]
Pmax = [ 50 385 227 253 352 376 275 120 100 91 401 420 139 73 249 417 95 204 360 113 394 364 180 337 156 347 120 405 160 323 369 200 162 220 267 309 345 93 54 355 414 117 114 98 274 283 281 205 231 179 ]
cf = [ 7.23225 21.4797 58.861 17.9378 34.8655 64.7253 35.9294 32.3003 53.3025 10.1806 67.4026 68.502 40.7066 16.1418 32.5887 65.6453 25.1135 8.67842 25.9819 32.6171 51.9618 43.9136 69.7666 12.0222 44.1646 28.7454 65.4262 38.8873 28.16 26.3046 22.1067 28.3922 40.7843 10.9677 39.3301 68.6498 68.693 68.2595 30.9501 51.9955 8.44002 28.3527 50.4976 42.1467 37.4945 13.0862 37.792 55.608 14.7646 56.7739 ]
c0 = [ 85 250 152 187 247 235 207 118 82 97 250 250 127 97 175 250 90 161 250 95 250 238 122 216 107 218 107 250 141 220 241 157 118 167 179 212 223 98 60 237 250 100 98 73 180 210 210 160 168 143 ]
cp = [ 39.1061 14.2465 33.5937 14.6922 11.7145 10.7096 27.8047 30.2549 38.9952 36.1541 10.8765 8.32332 26.1795 41.0788 19.0527 10.2175 37.0763 28.2387 13.6772 37.5747 8.4401 14.7109 35.0917 18.5117 31.5356 15.7605 34.0569 11.5544 34.9092 12.6565 22.133 25.6549 26.5569 23.7974 21.5882 21.5835 17.4798 36.3062 34.6336 21.7457 11.0832 33.5493 35.3242 36.2733 12.7638 17.0533 17.8484 31.7375 24.8922 30.4772 ]
D = [ 1588 1744 2258 2448 2990 3025 3650 3773 4365 4770 5102 5446 5851 6180 6248 6808 7281 7496 7754 8165 8811 8889 9483 9795 10037 9708 9434 8749 8671 8303 7498 7443 6867 6679 5985 6518 6932 7431 8188 8831 9370 8299 7590 6838 6198 5194 4173 3643 2842 3061 3599 3632 3980 4238 4597 4980 5303 5546 6222 6296 6714 6932 7359 7749 8197 8276 8678 9327 9502 9959 10309 10284 10992 10300 9542 9079 8710 8353 7749 7004 6530 6131 5549 6118 6673 7144 7762 8306 8685 8004 7575 6862 6064 5263 4605 3920 ]
