n = 50 ; 
T = 96 ; 
Init = [ 1 1 0 1 1 1 1 1 1 0 1 0 1 0 1 0 1 1 1 1 1 1 0 0 0 1 1 0 0 1 0 1 0 0 0 1 1 0 1 1 0 0 1 0 0 1 0 1 0 1 ]
L = [ 17 20 9 10 12 7 12 17 19 17 7 7 18 10 5 10 19 18 6 17 15 17 14 4 9 9 19 4 9 10 17 9 10 8 16 6 19 6 6 5 6 7 8 19 20 13 14 13 15 8 ]
l = [ 17 20 9 10 12 7 12 17 19 17 7 7 18 10 5 10 19 18 6 17 15 17 14 4 9 9 19 4 9 10 17 9 10 8 16 6 19 6 6 5 6 7 8 19 20 13 14 13 15 8 ]
Pmin = [ 97 100 41 57 67 35 62 95 98 94 36 38 90 54 22 47 100 93 28 91 77 99 76 18 52 45 96 11 49 56 91 41 46 45 76 33 99 33 28 23 35 26 35 98 100 62 78 77 75 42 ]
Pmax = [ 381 420 147 202 257 126 235 370 395 356 114 121 371 182 69 183 397 366 74 356 318 387 287 55 179 177 396 32 172 213 362 151 177 148 312 101 411 104 93 63 115 96 128 388 420 236 291 278 308 141 ]
cf = [ 63.7359 60.9176 41.7706 17.5947 19.3679 46.8204 36.9875 9.48576 40.3381 55.915 68.3795 9.94062 49.0802 9.38466 61.3336 60.9973 33.1875 55.2358 33.4628 26.0842 56.7709 68.7698 12.0371 33.762 58.9219 68.1394 40.862 7.34574 49.1141 24.0015 14.2925 42.85 14.919 49.0631 53.4447 27.2869 25.8834 20.4322 29.7727 59.2215 69.3472 28.1521 62.1622 48.4274 30.5368 53.4957 39.4248 56.7243 38.7316 65.8875 ]
c0 = [ 250 250 115 154 178 96 168 249 247 250 116 115 232 143 74 131 250 247 98 232 198 250 198 61 137 125 250 57 134 165 240 128 123 138 196 98 250 102 98 66 106 90 108 250 250 162 201 209 206 113 ]
cp = [ 10.176 8.65525 28.5372 31.3811 25.7091 33.9958 29.077 14.3695 14.8152 11.5404 26.0624 37.7203 13.1814 31.0988 41.439 22.3593 12.8761 13.7512 39.2338 10.0998 20.5805 12.2112 17.8523 41.1613 33.0443 37.2176 14.2111 41.6643 37.6677 21.4478 9.12963 26.6793 30.2956 33.3468 21.4195 39.9256 8.69776 35.4642 36.9807 39.6503 39.197 36.4911 34.4537 16.8381 9.00118 28.4451 21.61 18.3538 13.0191 32.2766 ]
D = [ 1335 1422 1828 2403 2788 3014 3520 3659 4136 4436 4606 5346 5636 5767 6124 6624 6827 7340 7633 8188 8123 8580 9035 9543 9872 9289 9086 8274 7971 7434 7317 6573 6218 5702 5628 5812 6577 7163 7581 8018 8548 8024 7189 6446 6147 5314 4717 3817 3354 3360 3723 3915 4145 4572 4888 5008 5295 5744 5936 6133 6484 6778 7208 7163 7791 8125 8079 8407 8582 8917 9172 9638 10051 9369 9123 8389 8133 7466 7299 6668 6185 5658 5395 5807 6373 7090 7350 7929 8372 7753 7010 6284 5235 4649 4055 3362 ]
