n = 50 ; 
T = 96 ; 
Init = [ 0 0 0 0 0 1 1 0 0 1 1 0 1 0 1 1 1 0 1 0 1 0 0 0 1 0 0 1 0 1 0 0 1 1 0 1 0 1 0 1 1 1 1 0 1 0 0 1 1 1 ]
L = [ 5 7 12 14 5 11 10 6 6 11 13 8 5 14 5 13 9 8 8 19 7 9 17 9 8 7 9 19 19 17 17 18 19 17 16 15 6 19 17 7 17 9 7 9 6 9 12 7 16 19 ]
l = [ 5 7 12 14 5 11 10 6 6 11 13 8 5 14 5 13 9 8 8 19 7 9 17 9 8 7 9 19 19 17 17 18 19 17 16 15 6 19 17 7 17 9 7 9 6 9 12 7 16 19 ]
Pmin = [ 22 33 58 74 16 64 51 28 30 53 72 41 15 79 26 70 51 46 47 100 33 35 93 48 42 32 48 100 100 92 94 97 100 89 82 83 27 100 96 30 88 47 31 45 24 47 65 35 84 100 ]
Pmax = [ 70 120 235 296 54 229 185 91 82 199 262 146 50 297 70 280 178 148 151 413 118 137 381 181 152 116 164 420 420 376 364 398 420 343 321 324 81 420 366 99 348 153 84 161 65 166 236 121 332 420 ]
cf = [ 35.531 30.5595 64.9034 25.957 45.0019 47.2509 56.3543 35.1361 14.4211 46.7029 56.6283 27.9367 9.81544 62.1481 27.5408 23.9276 69.5299 41.5762 42.361 64.9078 51.6478 56.8151 62.3559 38.5144 16.578 29.0382 46.6156 17.3546 59.7059 49.2597 63.395 25.2369 9.81923 58.2985 44.1939 47.8211 35.5494 30.5482 12.9573 42.9705 7.2511 62.5855 63.9073 10.0665 54.7337 21.4481 26.9942 54.2635 56.0243 62.3552 ]
c0 = [ 77 107 166 207 50 169 134 96 103 158 184 124 51 210 81 192 133 140 140 250 97 99 250 130 128 99 145 250 250 238 239 250 250 245 212 211 81 250 250 86 226 144 103 127 79 127 166 105 213 250 ]
cp = [ 41.4114 32.2072 29.4271 18.352 41.2331 25.5909 37.5312 36.104 37.8704 21.1585 27.5406 37.1997 41.2126 19.0913 33.2261 26.3806 27.1097 29.9187 31.9398 13.1106 29.159 27.0587 10.9943 29.4683 34.1311 29.4702 22.3451 10.0281 8.64718 10.6684 23.9292 17.1311 10.435 11.9395 20.1218 28.2578 37.7099 14.7147 14.2315 38.0542 20.958 32.1397 32.0427 34.8521 40.389 29.1742 25.4382 29.8982 12.1071 9.10964 ]
D = [ 1946 2312 2522 3015 3239 3378 3968 3930 4396 4886 5184 5675 5648 6344 6281 6893 7344 7661 7849 7930 8554 8947 9066 9444 9849 9240 8756 8310 8213 7676 6987 6818 6315 5937 5495 5863 6270 7064 7494 8034 8553 8121 7127 6459 5957 5000 4179 3796 2816 3166 3317 3716 4021 4165 4472 4680 5007 5151 5728 5683 6257 6228 6483 6879 7172 7427 7801 7948 8361 8355 8720 8895 9220 8854 8577 8023 7741 7501 7194 6782 6194 5773 5493 6189 6458 7032 7237 8000 8453 7462 6839 6525 5672 5039 4422 4029 ]
