n = 50 ; 
T = 96 ; 
Init = [ 0 1 1 1 0 1 0 1 1 1 1 1 1 1 1 1 1 0 0 1 1 1 1 1 1 0 0 0 1 0 0 1 1 1 0 0 0 0 1 0 1 0 1 0 0 0 1 1 0 0 ]
L = [ 6 11 9 17 11 8 6 10 11 19 10 4 10 18 7 20 12 14 5 14 14 17 18 19 8 9 19 4 9 13 16 11 17 16 8 6 5 6 15 9 6 9 17 19 19 19 10 7 12 15 ]
l = [ 6 11 9 17 11 8 6 10 11 19 10 4 10 18 7 20 12 14 5 14 14 17 18 19 8 9 19 4 9 13 16 11 17 16 8 6 5 6 15 9 6 9 17 19 19 19 10 7 12 15 ]
Pmin = [ 29 58 50 92 59 39 29 55 65 100 53 12 51 100 26 100 55 73 30 72 73 96 94 100 36 45 100 22 57 71 85 58 94 79 37 31 15 22 80 48 30 45 96 99 100 100 46 33 55 80 ]
Pmax = [ 85 235 173 347 213 151 91 185 233 420 197 29 185 395 86 420 210 292 80 279 301 374 391 411 135 162 410 65 194 261 327 208 358 313 121 91 35 74 303 182 91 175 381 408 420 420 183 119 218 295 ]
cf = [ 68.8978 41.5728 25.196 65.6407 68.0378 60.1791 53.775 19.2453 34.4096 53.8638 41.1879 67.2558 32.8682 12.1278 14.5419 55.564 47.4075 9.10839 27.3856 59.0403 13.0259 11.1699 37.6632 68.5996 50.8635 41.8607 9.35362 63.3764 53.0443 50.0774 59.3369 51.9421 21.6502 14.5329 47.5828 19.6879 67.712 31.3578 31.9332 32.1216 15.2217 66.1211 29.3775 41.0899 8.24891 36.9194 26.6539 48.6564 39.0278 47.0395 ]
c0 = [ 96 154 144 247 154 120 84 156 170 250 148 57 153 250 76 250 144 199 99 201 206 248 250 250 108 137 250 77 148 189 225 164 248 202 108 97 68 76 205 128 99 133 250 250 250 250 125 93 156 223 ]
cp = [ 33.2781 29.0774 33.4841 11.7275 30.6017 35.7841 33.7779 31.1046 32.7704 10.3903 34.9673 41.5851 28.4719 10.8981 37.6969 10.0817 31.6989 34.1987 33.1904 24.4905 23.531 14.5125 11.3716 12.1455 28.0011 29.6017 9.05702 38.8307 33.1902 21.8681 15.5697 30.3292 11.8976 16.9463 33.3155 35.0117 39.634 34.9444 20.5309 31.3935 39.6517 35.5238 20.2447 14.2144 8.63472 14.4756 31.495 25.6064 19.5673 13.1318 ]
D = [ 1636 2071 2489 2718 3079 3475 3771 4531 4710 4954 5499 5930 6067 6351 6786 7377 7539 7888 8667 8913 9026 9559 10184 10455 10918 10273 9601 9242 8641 8092 7555 7324 6834 6338 5507 6427 6474 6988 7839 8141 8523 7925 7117 6546 5856 5107 4297 3846 3002 3300 3676 3739 4316 4379 4792 5320 5346 5573 6110 6592 6487 7017 7070 7457 7911 8243 8536 8631 9298 9257 9804 9959 10252 9794 9522 8854 8504 7881 7200 6756 6581 5973 5289 5953 6575 7019 7455 8253 8622 8031 7294 6446 5630 5096 4332 3668 ]
