n = 50 ; 
T = 96 ; 
Init = [ 0 0 0 0 0 0 1 1 1 1 1 0 0 1 0 1 1 0 0 0 1 0 0 1 0 1 0 1 0 1 0 0 0 0 0 0 1 1 1 0 1 0 0 1 1 0 0 0 0 1 ]
L = [ 9 7 19 14 16 8 10 14 19 10 13 12 14 20 9 7 15 11 20 17 13 18 16 13 7 17 14 12 19 11 13 6 6 7 19 7 10 5 12 19 9 10 17 16 18 6 18 14 5 9 ]
l = [ 9 7 19 14 16 8 10 14 19 10 13 12 14 20 9 7 15 11 20 17 13 18 16 13 7 17 14 12 19 11 13 6 6 7 19 7 10 5 12 19 9 10 17 16 18 6 18 14 5 9 ]
Pmin = [ 43 37 100 73 86 37 54 67 100 51 73 59 77 100 52 30 79 56 100 84 71 100 83 70 35 90 79 56 100 57 72 22 28 37 100 38 52 25 74 100 49 54 100 76 92 37 94 66 19 49 ]
Pmax = [ 168 105 420 298 336 132 211 264 404 198 265 230 298 420 172 100 307 222 420 335 263 399 312 259 104 340 305 228 400 231 273 77 106 122 419 126 175 78 268 420 176 184 386 312 364 112 375 268 68 172 ]
cf = [ 27.4762 59.266 48.9296 12.5701 37.3393 13.6662 33.9042 69.4652 69.5188 59.8399 41.3629 36.6227 51.5615 66.7827 22.3495 65.1329 65.0876 14.0765 33.5172 7.83009 13.1648 18.6283 26.1927 55.5848 23.6499 61.0394 51.0137 56.4954 27.1168 56.461 12.9628 47.5929 45.727 54.8924 53.163 13.0663 61.5585 17.0672 12.5315 61.0773 69.907 46.8944 27.7 51.4686 43.6772 43.0494 46.6014 38.7648 50.1259 10.1187 ]
c0 = [ 123 117 250 192 229 101 146 173 250 139 190 168 201 250 140 92 219 149 250 231 198 250 227 192 104 234 210 164 250 160 192 82 87 116 250 124 154 81 189 250 145 146 250 194 244 120 246 178 59 134 ]
cp = [ 30.919 22.2047 10.5735 22.3407 19.0583 23.7947 27.6162 26.5977 9.37073 13.3659 19.8925 26.2298 21.7908 9.61365 24.5661 37.6561 11.4441 19.4072 9.09087 13.5867 27.0967 14.0576 29.117 14.2599 37.5132 14.8911 22.9279 28.3583 8.99896 27.6832 21.5849 38.5045 37.2127 35.6056 9.16038 31.0743 36.6069 37.1254 24.2107 9.59611 30.3067 27.7383 11.5221 19.1945 13.1181 40.806 20.1971 29.6964 39.1791 29.6345 ]
D = [ 1851 2337 2525 2938 3684 3611 4175 4701 5102 5249 5761 6340 6374 7030 7574 7984 8221 8586 8847 9268 9573 10317 10766 11010 11354 11077 10157 9727 9182 9038 8477 7905 7361 6591 6523 6832 7072 7674 8113 8846 9197 8455 7585 6765 5793 5070 4263 3619 2861 3033 3559 3904 4152 4755 5061 5183 5732 5974 6547 6833 7025 7422 7952 8261 8611 8902 9077 9496 9728 10383 10642 10962 11622 10672 10160 9801 9042 8983 8352 7836 7100 6634 6102 6731 7008 7411 7801 8266 9038 8023 7773 6758 6268 5699 5120 4131 ]
