n = 50 ; 
T = 96 ; 
Init = [ 0 0 0 0 1 1 1 0 0 0 0 1 0 1 0 0 0 0 0 0 1 0 1 0 1 1 0 0 0 0 1 1 0 0 1 0 1 0 0 0 0 1 1 0 0 1 1 1 1 1 ]
L = [ 15 6 16 17 20 17 6 9 15 15 17 19 20 7 4 6 19 14 4 13 7 20 4 16 6 15 17 18 11 19 16 6 9 18 11 4 12 19 17 14 13 7 16 6 8 16 16 18 14 11 ]
l = [ 15 6 16 17 20 17 6 9 15 15 17 19 20 7 4 6 19 14 4 13 7 20 4 16 6 15 17 18 11 19 16 6 9 18 11 4 12 19 17 14 13 7 16 6 8 16 16 18 14 11 ]
Pmin = [ 85 33 95 88 100 94 34 48 79 78 95 100 100 34 20 27 100 73 19 72 31 100 20 88 29 83 89 100 60 100 85 28 47 100 60 22 66 100 91 73 73 37 96 33 39 88 84 99 80 58 ]
Pmax = [ 325 89 363 356 420 360 98 155 303 318 376 417 420 109 47 101 420 295 42 276 87 420 51 337 112 309 363 412 211 416 322 82 182 399 213 61 252 409 361 295 268 145 366 121 132 344 342 379 302 208 ]
cf = [ 10.2303 64.4154 46.6384 8.61926 41.7014 46.5602 44.3135 56.5947 58.0359 13.6165 59.5914 56.8828 17.0357 38.5382 46.3501 25.1057 42.9527 27.9686 30.2872 26.1634 44.3882 26.7553 63.9638 18.9639 52.7336 40.2967 59.2123 36.5072 47.2539 8.20873 22.0359 50.4842 65.6242 61.6742 52.1035 37.3256 38.2344 26.417 23.9202 26.2703 33.0335 13.5117 13.1531 43.0692 45.0499 52.5032 61.175 18.0026 10.4718 21.4622 ]
c0 = [ 225 103 250 222 250 250 112 141 212 216 250 250 250 92 61 83 250 198 56 205 100 250 80 236 103 221 230 250 166 250 235 79 137 250 158 64 185 250 244 191 206 113 250 98 119 236 227 250 207 168 ]
cp = [ 28.8571 37.3236 12.8366 25.6484 11.314 29.0514 39.0034 22.8074 12.0721 28.4269 16.8816 11.3229 11.0354 32.2529 41.181 39.9335 11.7635 13.1991 40.9843 29.1221 28.7821 9.55578 41.0912 16.8451 38.5203 15.542 13.2537 14.9295 25.7761 9.41485 18.0226 38.1857 40.6944 11.2832 32.3889 39.3431 19.8812 11.2518 11.6127 21.0258 18.9544 36.3717 15.6598 36.0418 32.38 22.2182 24.8602 9.37016 21.3482 26.6003 ]
D = [ 1771 2493 2762 3192 3490 3954 4496 4514 5100 5610 6062 6017 6535 6890 7337 7873 8283 8571 9105 9247 9551 10145 10358 10822 11355 10778 10492 9722 9602 8723 8186 7775 7224 7073 6698 7122 7599 8442 9000 9670 10118 9303 8104 7244 6392 5755 5038 4202 3030 3483 3948 4313 4963 5144 5362 5618 6256 6548 6738 7199 7600 8139 8492 8641 9152 9590 10112 10144 10737 11246 11270 11562 12199 11285 10732 10178 10043 8992 8395 7837 7379 6879 6315 6831 7345 8344 8748 9530 9941 9261 8720 7749 6727 6169 5487 4608 ]
