n = 50 ; 
T = 96 ; 
Init = [ 1 1 1 0 1 1 0 0 1 0 0 0 0 0 1 0 1 0 0 1 1 1 0 1 1 1 1 0 1 1 0 0 1 1 0 0 1 1 0 0 1 1 1 1 1 0 1 0 0 1 ]
L = [ 8 8 8 8 8 20 20 20 20 16 16 16 16 16 16 16 16 14 14 14 14 14 7 7 15 15 15 11 11 8 17 17 17 17 11 15 15 15 15 15 16 16 16 16 16 15 15 12 12 17 ]
l = [ 8 8 8 8 8 20 20 20 20 16 16 16 16 16 16 16 16 14 14 14 14 14 7 7 15 15 15 11 11 8 17 17 17 17 11 15 15 15 15 15 16 16 16 16 16 15 15 12 12 17 ]
Pmin = [ 42 42 42 42 42 100 100 100 100 93 93 93 93 93 94 94 94 74 74 74 74 74 32 32 83 83 83 62 62 38 85 85 85 85 60 83 83 83 83 83 92 92 92 92 92 78 78 66 66 86 ]
Pmax = [ 133 133 133 133 133 417 417 417 417 358 358 358 358 358 361 361 361 280 280 280 280 280 91 91 308 308 308 224 224 149 350 350 350 350 225 308 308 308 308 308 357 357 357 357 357 306 306 240 240 358 ]
cf = [ 61.6527 61.6527 61.6527 61.6527 61.6527 11.3957 11.3957 11.3957 11.3957 43.601 43.601 43.601 43.601 43.601 31.0378 31.0378 31.0378 13.7721 13.7721 13.7721 13.7721 13.7721 27.2934 27.2934 21.8372 21.8372 21.8372 59.7561 59.7561 55.6068 12.9385 12.9385 12.9385 12.9385 13.3231 54.8958 54.8958 54.8958 54.8958 54.8958 48.6527 48.6527 48.6527 48.6527 48.6527 26.7829 26.7829 11.8683 11.8683 24.6819 ]
c0 = [ 127 127 127 127 127 250 250 250 250 241 241 241 241 241 236 236 236 193 193 193 193 193 103 103 222 222 222 173 173 123 234 234 234 234 156 215 215 215 215 215 233 233 233 233 233 216 216 177 177 219 ]
cp = [ 31.1215 31.1215 31.1215 31.1215 31.1215 9.08071 9.08071 9.08071 9.08071 24.2761 24.2761 24.2761 24.2761 24.2761 20.7247 20.7247 20.7247 18.3605 18.3605 18.3605 18.3605 18.3605 39.5216 39.5216 16.4251 16.4251 16.4251 26.2602 26.2602 29.8859 15.1548 15.1548 15.1548 15.1548 37.2379 21.3779 21.3779 21.3779 21.3779 21.3779 18.5965 18.5965 18.5965 18.5965 18.5965 16.3091 16.3091 25.3814 25.3814 19.4972 ]
D = [ 2702 2948 3343 3707 4170 4608 5008 5888 5913 6642 7252 7279 7888 8180 8552 9003 9733 9883 10553 11092 11393 11575 12040 12755 13235 12280 11967 11395 10912 10052 9788 8983 8507 8206 7331 7931 8109 8820 9295 9635 10070 9425 8634 7947 7161 6309 5068 4578 3842 4068 4644 5115 5025 5596 6152 6340 6644 6963 7814 7812 8396 8796 9065 9880 10276 10407 10607 11176 11334 12236 12267 12962 12869 12825 12228 11545 10792 10317 9769 8910 8266 7900 7119 7810 8870 9499 9984 10953 11507 10236 9170 8272 7579 6388 5340 4649 ]
