n = 50 ; 
T = 96 ; 
Init = [ 0 0 0 1 1 1 0 0 0 1 1 1 1 1 1 0 1 0 1 0 1 0 0 0 1 1 0 1 1 1 1 1 1 1 1 0 1 1 1 1 0 0 1 1 0 0 0 1 1 1 ]
L = [ 6 6 6 6 6 17 17 17 17 17 10 10 10 10 10 18 18 20 20 20 11 11 11 11 7 16 6 6 6 6 18 18 18 6 6 6 6 6 13 13 13 18 18 18 8 8 8 8 8 18 ]
l = [ 6 6 6 6 6 17 17 17 17 17 10 10 10 10 10 18 18 20 20 20 11 11 11 11 7 16 6 6 6 6 18 18 18 6 6 6 6 6 13 13 13 18 18 18 8 8 8 8 8 18 ]
Pmin = [ 29 29 29 29 29 89 89 89 89 89 50 50 50 50 50 97 97 100 100 100 54 54 54 54 36 82 27 27 27 27 98 98 98 26 26 26 26 26 70 70 70 94 94 94 47 47 47 47 47 96 ]
Pmax = [ 109 109 109 109 109 335 335 335 335 335 198 198 198 198 198 380 380 420 420 420 211 211 211 211 117 325 67 67 67 67 411 411 411 76 76 76 76 76 258 258 258 377 377 377 164 164 164 164 164 384 ]
cf = [ 68.4565 68.4565 68.4565 68.4565 68.4565 58.9756 58.9756 58.9756 58.9756 58.9756 23.5345 23.5345 23.5345 23.5345 23.5345 19.123 19.123 61.3881 61.3881 61.3881 26.2662 26.2662 26.2662 26.2662 51.2865 8.95646 18.7366 18.7366 18.7366 18.7366 13.032 13.032 13.032 7.19302 7.19302 7.19302 7.19302 7.19302 14.2895 14.2895 14.2895 7.28748 7.28748 7.28748 56.6985 56.6985 56.6985 56.6985 56.6985 34.3503 ]
c0 = [ 92 92 92 92 92 241 241 241 241 241 139 139 139 139 139 250 250 250 250 250 163 163 163 163 98 212 78 78 78 78 247 247 247 73 73 73 73 73 196 196 196 236 236 236 139 139 139 139 139 250 ]
cp = [ 40.228 40.228 40.228 40.228 40.228 21.511 21.511 21.511 21.511 21.511 21.3664 21.3664 21.3664 21.3664 21.3664 18.9046 18.9046 8.40048 8.40048 8.40048 26.8467 26.8467 26.8467 26.8467 38.4389 18.5566 37.7099 37.7099 37.7099 37.7099 8.92907 8.92907 8.92907 41.5518 41.5518 41.5518 41.5518 41.5518 25.019 25.019 25.019 12.2088 12.2088 12.2088 30.515 30.515 30.515 30.515 30.515 9.78289 ]
D = [ 1287 1834 1981 2452 2799 2975 3608 3753 4335 4436 4792 5190 5844 6144 6503 6892 7094 7374 7990 8046 8594 8837 9093 9734 10019 9557 9281 8867 8324 7721 7507 6720 6303 5873 5637 6212 6602 7200 7558 8167 8948 7952 7249 6531 5472 4767 4075 3300 2607 2925 2930 3258 3750 3792 4470 4366 4644 4984 5357 5655 6209 6158 6734 6886 7079 7266 7642 8076 8351 8801 8967 9329 9435 8917 8581 8339 7974 7386 6936 6618 6057 5764 5482 6035 6406 6981 7583 7940 8562 7611 7227 6476 5625 5082 4192 3685 ]
