n = 50 ; 
T = 96 ; 
Init = [ 1 0 1 0 0 0 1 1 0 1 1 1 0 0 1 0 0 0 0 0 1 0 1 1 0 0 0 0 0 1 1 1 1 0 1 0 0 0 1 0 0 0 1 0 0 1 0 0 1 1 ]
L = [ 9 10 9 10 7 19 13 18 7 17 5 20 5 12 6 5 14 16 14 15 18 10 13 13 10 12 15 18 18 17 6 7 13 6 7 17 10 10 6 7 12 13 15 10 11 6 16 8 10 5 ]
l = [ 9 10 9 10 7 19 13 18 7 17 5 20 5 12 6 5 14 16 14 15 18 10 13 13 10 12 15 18 18 17 6 7 13 6 7 17 10 10 6 7 12 13 15 10 11 6 16 8 10 5 ]
Pmin = [ 44 52 47 58 37 100 63 100 39 99 25 100 23 65 23 21 75 81 73 75 100 56 78 64 47 64 90 100 95 91 34 43 68 27 35 95 52 55 32 36 64 72 73 56 48 32 85 41 47 23 ]
Pmax = [ 153 190 171 215 107 411 248 399 145 392 66 420 74 232 81 42 284 336 273 303 386 201 286 260 179 259 341 386 384 379 98 134 256 88 118 374 201 195 101 123 254 288 294 205 189 111 337 129 175 76 ]
cf = [ 37.3865 9.00279 50.1458 64.823 24.7542 16.6665 39.2197 60.3768 10.6705 65.121 52.961 17.72 27.1424 58.02 15.4528 51.1798 19.5228 20.8434 16.4918 57.1507 32.8142 8.90641 49.7084 43.7055 26.6311 36.8983 10.8558 37.6014 58.137 11.5989 24.2422 25.5235 13.6017 67.3879 20.3465 31.356 14.0545 52.5662 21.7328 17.7249 47.6872 67.6938 28.4449 67.8296 55.7138 36.8977 49.0094 68.2365 50.741 58.5011 ]
c0 = [ 138 140 141 171 107 250 162 250 107 250 77 250 75 186 72 81 202 215 200 193 250 163 208 170 134 176 239 250 247 249 95 123 176 96 103 247 137 152 101 102 184 203 190 150 144 98 218 116 122 83 ]
cp = [ 27.4355 31.9004 30.5591 25.8596 35.977 12.1707 20.1985 11.7994 23.3485 21.7125 39.1065 8.73437 39.7702 15.7929 38.0715 39.7437 17.657 13.011 21.3875 18.1121 11.5115 34.9557 36.195 26.0503 35.2031 18.9327 15.8793 8.61827 13.818 13.6099 39.4248 34.919 29.5204 37.4268 35.789 14.9415 33.4696 25.2653 28.3589 32.0884 26.6427 22.8521 27.5484 30.8733 36.8827 30.5702 29.0674 29.7225 27.147 40.5666 ]
D = [ 1783 2443 2694 2976 3341 3707 4077 4013 4733 5039 5086 5446 6069 6383 6529 6686 7209 7493 7816 8175 8375 9004 9009 9343 9851 9126 8654 8525 8125 7477 7016 6386 6071 5534 5296 5572 6064 6859 7182 8067 8403 7690 6976 6415 5690 5232 4502 3972 3229 3554 3812 4109 4419 4568 4922 5042 5186 5805 6067 6131 6532 6974 6999 7224 7457 7833 8300 8480 8804 8934 9487 9577 10075 9565 9060 8728 7945 7473 6933 6866 5998 5868 5376 5867 6060 6534 6860 7349 7720 6968 6621 6053 5459 4851 4224 3578 ]
