n = 50 ; 
T = 96 ; 
Init = [ 0 1 1 1 0 1 0 1 1 0 1 1 1 0 1 1 0 0 1 0 1 0 0 1 1 1 0 0 0 0 1 1 1 0 0 1 0 0 0 1 0 0 1 1 0 0 0 0 0 0 ]
L = [ 11 11 11 8 18 9 7 11 14 14 5 17 16 12 6 10 5 12 15 14 19 15 5 13 7 10 11 10 12 17 15 17 8 8 17 14 12 8 14 18 18 8 18 16 5 16 13 8 8 5 ]
l = [ 11 11 11 8 18 9 7 11 14 14 5 17 16 12 6 10 5 12 15 14 19 15 5 13 7 10 11 10 12 17 15 17 8 8 17 14 12 8 14 18 18 8 18 16 5 16 13 8 8 5 ]
Pmin = [ 51 66 52 41 97 51 27 60 81 72 21 87 78 59 32 54 21 57 74 75 100 82 20 72 38 56 53 54 64 85 77 91 30 33 86 67 59 42 74 100 95 35 99 88 15 93 73 43 39 21 ]
Pmax = [ 193 241 211 149 396 170 90 215 303 288 35 344 312 237 103 191 72 225 291 283 420 322 56 275 119 201 204 203 247 345 319 350 116 126 356 264 240 150 303 397 368 136 401 329 44 352 275 161 148 70 ]
cf = [ 31.8276 28.4551 25.1 9.04359 54.149 59.3351 58.9484 11.211 14.5747 62.244 41.9573 39.4926 65.8683 9.0443 42.1098 32.3553 13.7746 9.62553 66.6159 13.9745 30.1641 9.30823 23.6457 45.1067 34.105 44.2068 61.1676 23.1411 32.7635 18.8711 67.7576 57.5911 40.3263 22.8576 59.6346 24.4752 12.1926 48.583 28.6862 19.7674 40.827 63.6435 52.2599 36.6953 65.6878 24.3697 62.0506 9.46247 26.9953 58.6665 ]
c0 = [ 132 191 150 118 250 143 77 174 224 195 63 238 203 155 88 151 72 150 206 204 250 221 73 193 114 161 145 146 166 224 205 230 94 92 228 173 163 123 187 250 239 98 250 230 54 238 205 131 111 75 ]
cp = [ 32.0541 16.8877 32.3638 33.3088 14.4347 22.3503 39.6696 24.4622 24.7561 29.4639 41.4279 16.9411 14.1379 30.86 34.104 24.5872 35.6168 31.1942 24.2727 9.99463 10.5475 16.4261 37.4052 24.4896 35.207 30.2589 30.029 21.4316 32.4991 12.1084 21.8462 14.5268 26.403 33.9618 19.4177 27.4893 32.9555 23.4921 23.6478 10.3988 10.2476 32.3798 19.7954 16.0049 40.3025 12.2485 17.4314 34.5346 40.8425 38.2465 ]
D = [ 1195 1431 1860 2400 2705 3034 3473 3706 4361 4676 4721 5126 5802 6107 6370 6534 6989 7414 7946 8290 8473 8710 9323 9580 9942 9541 9157 8520 8196 8062 7369 7044 6783 6156 5559 6074 6696 7010 7394 7860 8124 7611 7088 6187 5615 4992 4341 3861 3380 3421 3698 3912 4444 4512 4830 5205 5456 5427 5968 6018 6268 6467 6732 7337 7513 7836 7849 8133 8556 8739 9073 9495 9648 8982 8771 8371 7827 7498 7110 6490 5937 5561 5339 5920 6213 6463 7153 7432 7837 7247 6652 5934 5278 4683 3855 3111 ]
