n = 50 ; 
T = 96 ; 
Init = [ 0 1 1 0 0 1 1 0 0 0 1 1 1 1 1 0 1 0 1 1 0 0 0 0 1 0 0 0 0 0 0 0 0 0 1 0 1 0 1 0 0 0 1 1 1 0 1 0 0 0 ]
L = [ 11 16 6 6 6 5 5 12 12 12 12 12 12 12 12 15 15 7 7 7 7 6 6 6 13 13 13 13 15 15 15 5 5 5 5 16 16 19 19 19 9 9 9 15 15 15 15 15 9 9 ]
l = [ 11 16 6 6 6 5 5 12 12 12 12 12 12 12 12 15 15 7 7 7 7 6 6 6 13 13 13 13 15 15 15 5 5 5 5 16 16 19 19 19 9 9 9 15 15 15 15 15 9 9 ]
Pmin = [ 59 86 32 32 32 20 20 71 71 71 54 54 54 54 54 80 80 40 40 40 40 33 33 33 78 78 78 78 81 81 81 17 17 17 17 86 86 99 99 99 46 46 46 79 79 79 79 79 48 48 ]
Pmax = [ 206 336 85 85 85 59 59 252 252 252 216 216 216 216 216 313 313 125 125 125 125 91 91 91 288 288 288 288 298 298 298 58 58 58 58 342 342 389 389 389 170 170 170 318 318 318 318 318 187 187 ]
cf = [ 15.8792 49.6327 8.63209 8.63209 8.63209 66.805 66.805 46.2262 46.2262 46.2262 18.1238 18.1238 18.1238 18.1238 18.1238 18.6525 18.6525 55.3338 55.3338 55.3338 55.3338 26.8524 26.8524 26.8524 10.2598 10.2598 10.2598 10.2598 61.4015 61.4015 61.4015 59.5617 59.5617 59.5617 59.5617 59.7028 59.7028 38.7193 38.7193 38.7193 16.3597 16.3597 16.3597 22.9357 22.9357 22.9357 22.9357 22.9357 47.8404 47.8404 ]
c0 = [ 172 229 105 105 105 74 74 191 191 191 159 159 159 159 159 219 219 123 123 123 123 112 112 112 207 207 207 207 206 206 206 69 69 69 69 238 238 249 249 249 129 129 129 218 218 218 218 218 129 129 ]
cp = [ 33.439 17.8125 32.2354 32.2354 32.2354 41.8405 41.8405 22.4764 22.4764 22.4764 30.0715 30.0715 30.0715 30.0715 30.0715 16.6835 16.6835 37.4013 37.4013 37.4013 37.4013 38.9257 38.9257 38.9257 19.2212 19.2212 19.2212 19.2212 18.1028 18.1028 18.1028 38.6516 38.6516 38.6516 38.6516 17.2305 17.2305 8.74348 8.74348 8.74348 35.1239 35.1239 35.1239 25.6369 25.6369 25.6369 25.6369 25.6369 38.0038 38.0038 ]
D = [ 1912 2418 2447 2854 3164 3484 3626 3969 4387 4822 5166 5134 5678 6026 6198 6665 6907 7206 7169 7721 8009 8148 8639 8666 9270 8615 8491 8017 7603 6947 6515 6053 5605 5316 4963 5421 5633 6432 6934 7266 7787 7243 6567 5830 5334 4531 3962 3410 2529 3181 3332 3494 4034 4136 4309 4620 5129 5266 5554 5786 5996 6273 6662 7201 7512 7764 7942 8330 8529 8592 9106 9538 9653 9089 8604 8114 7873 7610 7091 6538 6226 5569 5303 5751 6243 6784 7255 7553 7943 7232 6706 5836 5115 4690 3656 2957 ]
