n = 50 ; 
T = 96 ; 
Init = [ 1 1 1 1 1 1 0 0 1 0 0 1 1 1 1 0 0 1 1 0 0 1 1 0 0 0 1 1 0 0 0 1 0 1 0 1 0 0 0 0 0 0 1 1 1 0 0 1 0 1 ]
L = [ 6 6 14 14 14 14 8 7 7 16 16 7 7 20 20 20 20 20 12 12 5 5 5 5 7 7 7 7 7 17 17 17 17 17 10 5 5 5 5 5 18 19 19 19 19 19 5 5 5 14 ]
l = [ 6 6 14 14 14 14 8 7 7 16 16 7 7 20 20 20 20 20 12 12 5 5 5 5 7 7 7 7 7 17 17 17 17 17 10 5 5 5 5 5 18 19 19 19 19 19 5 5 5 14 ]
Pmin = [ 29 29 73 73 73 73 38 34 34 86 86 31 31 100 100 100 100 100 66 66 23 23 23 23 36 36 36 36 36 96 96 96 96 96 51 22 22 22 22 22 96 100 100 100 100 100 25 25 25 73 ]
Pmax = [ 87 87 277 277 277 277 140 115 115 355 355 110 110 420 420 420 420 420 234 234 53 53 53 53 123 123 123 123 123 385 385 385 385 385 197 47 47 47 47 47 388 406 406 406 406 406 70 70 70 266 ]
cf = [ 16.12 16.12 45.5302 45.5302 45.5302 45.5302 17.0226 34.2069 34.2069 20.5877 20.5877 59.6764 59.6764 42.772 42.772 42.772 42.772 42.772 60.2911 60.2911 62.1833 62.1833 62.1833 62.1833 33.6845 33.6845 33.6845 33.6845 33.6845 41.364 41.364 41.364 41.364 41.364 16.802 47.2986 47.2986 47.2986 47.2986 47.2986 11.5464 27.5375 27.5375 27.5375 27.5375 27.5375 40.4296 40.4296 40.4296 41.7352 ]
c0 = [ 87 87 204 204 204 204 121 108 108 237 237 95 95 250 250 250 250 250 178 178 73 73 73 73 113 113 113 113 113 250 250 250 250 250 142 83 83 83 83 83 250 250 250 250 250 250 84 84 84 203 ]
cp = [ 30.3662 30.3662 18.2874 18.2874 18.2874 18.2874 30.6 34.9004 34.9004 13.5403 13.5403 33.9002 33.9002 8.18547 8.18547 8.18547 8.18547 8.18547 20.3673 20.3673 35.865 35.865 35.865 35.865 31.0128 31.0128 31.0128 31.0128 31.0128 13.8842 13.8842 13.8842 13.8842 13.8842 31.2446 41.09 41.09 41.09 41.09 41.09 16.7548 9.34486 9.34486 9.34486 9.34486 9.34486 38.3979 38.3979 38.3979 23.6926 ]
D = [ 1507 1830 2021 2593 2899 3098 3780 4032 4440 4603 4918 5442 5787 6050 6378 6919 6933 7550 7685 8092 8321 9024 9048 9330 9890 9429 8951 8707 7878 7438 7180 6706 6240 5825 5142 6002 6372 6957 7289 7718 8119 7686 6696 6362 5411 4834 4259 3406 2951 2991 3301 3574 4023 4111 4441 4904 5189 5499 5518 5842 6356 6322 6534 7153 7401 7563 7669 8167 8454 8908 9139 9098 9661 8991 8596 8323 7974 7402 6945 6593 5779 5350 4988 5798 6201 6912 7471 7876 8614 8065 7234 6494 5628 5159 4324 3856 ]
