n = 50 ; 
T = 96 ; 
Init = [ 1 1 0 1 0 1 1 0 1 0 0 1 0 1 1 0 0 1 0 1 0 1 0 1 0 0 1 1 1 0 1 0 0 1 1 0 1 0 1 0 0 1 1 0 0 1 1 0 0 1 ]
L = [ 19 19 19 9 9 9 9 15 15 15 13 13 13 13 13 7 7 7 7 7 13 13 13 8 8 9 9 9 5 5 5 5 17 17 17 19 19 19 15 15 15 12 12 12 12 20 20 20 20 20 ]
l = [ 19 19 19 9 9 9 9 15 15 15 13 13 13 13 13 7 7 7 7 7 13 13 13 8 8 9 9 9 5 5 5 5 17 17 17 19 19 19 15 15 15 12 12 12 12 20 20 20 20 20 ]
Pmin = [ 100 100 100 43 43 43 43 76 76 76 70 70 70 70 70 39 39 39 39 39 71 71 71 41 41 53 53 53 22 22 19 19 96 96 96 99 99 99 75 75 75 65 65 65 65 100 100 100 100 100 ]
Pmax = [ 412 412 412 165 165 165 165 306 306 306 263 263 263 263 263 131 131 131 131 131 264 264 264 132 132 180 180 180 55 55 47 47 382 382 382 400 400 400 292 292 292 241 241 241 241 410 410 410 410 410 ]
cf = [ 13.1246 13.1246 13.1246 39.726 39.726 39.726 39.726 45.5244 45.5244 45.5244 69.4252 69.4252 69.4252 69.4252 69.4252 21.1855 21.1855 21.1855 21.1855 21.1855 23.7442 23.7442 23.7442 33.6339 33.6339 23.5286 23.5286 23.5286 7.8836 7.8836 66.3224 66.3224 64.6492 64.6492 64.6492 63.9863 63.9863 63.9863 53.9402 53.9402 53.9402 41.5228 41.5228 41.5228 41.5228 63.8328 63.8328 63.8328 63.8328 63.8328 ]
c0 = [ 250 250 250 136 136 136 136 195 195 195 180 180 180 180 180 122 122 122 122 122 183 183 183 130 130 160 160 160 68 68 67 67 250 250 250 250 250 250 192 192 192 175 175 175 175 250 250 250 250 250 ]
cp = [ 8.85098 8.85098 8.85098 28.5339 28.5339 28.5339 28.5339 17.0738 17.0738 17.0738 34.3577 34.3577 34.3577 34.3577 34.3577 35.9912 35.9912 35.9912 35.9912 35.9912 28.0103 28.0103 28.0103 23.2075 23.2075 35.5189 35.5189 35.5189 39.0656 39.0656 38.1477 38.1477 11.4143 11.4143 11.4143 9.67088 9.67088 9.67088 14.6418 14.6418 14.6418 29.6252 29.6252 29.6252 29.6252 8.92643 8.92643 8.92643 8.92643 8.92643 ]
D = [ 2604 2833 2822 3625 3669 3951 4605 5049 5338 5391 5929 6340 6806 7018 7473 7731 8078 8563 8609 9012 9430 9935 10261 10269 10784 10473 9725 9473 9055 8541 8416 7767 7132 7141 6450 6881 7202 7691 8217 8972 9165 8694 7831 6956 6347 5588 4622 4010 3461 3604 4190 4265 4580 4844 5422 5648 5716 6070 6582 6588 7173 7168 7540 8163 8233 8412 8777 9109 9653 9875 10331 10354 10838 10154 10016 9198 8687 8230 8021 7659 7037 6611 6017 6856 7343 7481 8238 8486 9166 8422 7653 6904 6343 5638 4709 4407 ]
