n = 50 ; 
T = 96 ; 
Init = [ 0 0 0 1 1 1 1 1 1 0 1 0 0 1 1 0 1 0 1 1 1 1 1 1 0 1 0 1 0 0 0 0 0 1 1 0 0 0 1 1 0 0 1 0 1 1 0 1 1 1 ]
L = [ 10 13 7 18 16 13 13 19 18 11 14 12 10 8 13 12 5 12 20 10 9 18 8 10 16 12 12 12 7 10 7 5 14 19 9 18 13 14 16 11 10 13 5 7 20 4 18 12 5 7 ]
l = [ 10 13 7 18 16 13 13 19 18 11 14 12 10 8 13 12 5 12 20 10 9 18 8 10 16 12 12 12 7 10 7 5 14 19 9 18 13 14 16 11 10 13 5 7 20 4 18 12 5 7 ]
Pmin = [ 46 68 35 95 93 65 66 95 90 53 79 61 46 39 74 60 25 60 100 51 45 100 44 47 77 60 64 68 37 52 39 20 76 97 41 94 72 78 85 61 40 73 14 26 100 16 98 60 24 33 ]
Pmax = [ 167 273 122 396 355 251 249 393 372 208 299 226 183 138 266 235 68 225 420 167 180 403 144 188 320 230 238 241 116 202 123 67 297 403 155 379 275 293 337 225 158 291 38 95 420 46 396 236 59 126 ]
cf = [ 29.3887 29.8361 27.1445 55.5464 42.2777 60.1764 60.8828 68.7415 51.5216 20.4242 13.9045 49.8179 57.5286 8.42187 40.8839 37.4644 58.6295 26.8951 50.4371 18.1128 68.4407 15.6818 29.8502 24.6646 68.9236 63.1512 28.4213 35.1008 13.1766 52.8842 27.6128 35.5653 12.7203 47.7573 21.1117 47.998 37.9338 11.9945 46.7395 19.4554 25.4187 53.644 62.2733 12.9473 55.0659 33.1571 43.4117 43.6954 53.0522 23.8487 ]
c0 = [ 125 192 113 240 250 188 180 250 245 144 219 170 130 111 204 167 84 161 250 135 141 250 126 129 207 157 174 192 106 139 125 72 214 250 124 250 200 202 223 172 116 189 51 92 250 51 250 159 76 110 ]
cp = [ 28.495 16.6998 33.7453 16.0887 24.7068 31.0557 25.0338 11.4499 18.9875 20.3387 18.1419 30.1173 31.5264 35.1973 20.4571 15.8776 35.854 25.0245 8.16346 32.6943 34.5265 18.2702 35.0337 30.6912 16.5747 24.8788 21.9472 23.8618 33.0456 18.3017 30.6925 39.8698 23.9732 9.31126 35.9916 16.9241 16.2585 31.6371 22.3987 18.0141 30.9147 31.1598 41.4065 36.8414 8.60025 40.8477 12.8057 24.3523 41.1287 38.7553 ]
D = [ 1933 2086 2550 3101 3097 3394 3764 4269 4402 5023 5337 5663 5761 6340 6463 6817 6988 7313 7729 7997 8625 8883 9225 9403 9729 9145 8828 8414 8145 7700 7225 7137 6523 6189 5879 6322 6895 7566 7740 8575 9093 8384 7448 6868 5965 5281 4282 3677 2930 3035 3145 3392 4026 4115 4487 4620 5079 5307 5671 5740 6052 6321 6876 6869 7226 7627 8051 8035 8286 8918 9235 9589 9557 9391 8733 8367 8329 7631 7533 7191 6760 6483 6098 6396 6753 7287 7879 7955 8427 7860 6932 6193 5607 4945 3910 3390 ]
