n = 50 ; 
T = 96 ; 
Init = [ 0 0 1 0 0 1 0 1 0 0 1 0 1 0 0 0 0 1 1 0 0 1 0 1 1 1 1 1 1 0 0 0 0 1 0 0 1 0 0 1 0 1 1 1 1 1 0 1 1 1 ]
L = [ 8 17 7 16 7 7 4 7 19 5 12 16 11 10 7 19 11 5 17 11 9 5 14 20 15 6 14 11 17 5 14 12 12 8 17 20 8 17 10 20 8 9 17 15 9 10 7 5 5 13 ]
l = [ 8 17 7 16 7 7 4 7 19 5 12 16 11 10 7 19 11 5 17 11 9 5 14 20 15 6 14 11 17 5 14 12 12 8 17 20 8 17 10 20 8 9 17 15 9 10 7 5 5 13 ]
Pmin = [ 44 94 37 87 30 35 18 30 100 27 69 88 55 48 30 100 57 17 87 59 52 28 73 100 81 35 77 55 94 20 69 57 65 41 90 100 40 87 55 100 43 40 94 80 41 51 40 23 19 62 ]
Pmax = [ 147 375 108 362 112 104 59 117 415 68 252 340 217 172 101 420 214 49 353 236 195 69 290 420 329 104 296 215 371 68 266 220 246 149 359 420 150 346 200 420 155 141 374 311 159 167 129 62 61 253 ]
cf = [ 36.2519 41.4489 30.9618 44.1199 39.669 68.2173 56.5468 36.5977 29.9262 40.8626 46.539 59.9319 67.3635 35.5725 30.1375 30.4078 31.7063 17.4158 47.2872 10.5348 34.9436 30.0124 41.4979 48.4744 61.9409 32.4421 19.3925 42.2506 22.4608 27.6665 63.7614 51.7127 62.1154 24.7232 25.8326 31.7844 22.9405 12.3794 61.3822 45.8667 46.242 37.9212 35.7986 43.6055 66.4937 58.9361 67.0133 28.1999 69.3519 44.3005 ]
c0 = [ 130 249 100 241 85 102 72 99 250 87 195 243 159 134 91 250 169 64 234 165 146 79 189 250 218 99 216 150 250 62 186 156 184 121 234 250 125 226 157 250 128 118 241 214 127 144 123 84 60 168 ]
cp = [ 37.33 14.6397 28.0755 13.5293 38.0635 38.1771 41.9675 37.4802 11.2044 37.3889 28.633 22.2054 31.2494 30.594 33.5101 11.7082 20.9718 41.1637 11.052 23.6817 34.0124 36.6768 22.81 8.63236 27.7164 40.5531 22.4722 23.8423 21.695 41.3245 27.0186 25.5324 19.68 26.1271 12.2389 9.89065 29.0828 18.3522 25.9439 9.89509 37.5316 28.1828 22.7133 11.2203 28.7531 24.3334 34.9148 40.1482 40.3192 20.8698 ]
D = [ 1638 1790 2126 2530 2976 3348 3568 3932 4375 4770 5142 5625 5960 6260 6648 6876 7179 7510 8154 8509 8567 9159 9570 9792 10236 9634 9359 8548 8171 7889 7143 6653 6162 5822 5376 5835 5940 6646 6679 7296 7607 7144 6518 5866 5342 4743 4389 3808 3135 3331 3550 4158 4130 4450 4732 5333 5388 5663 5824 6451 6331 6999 6919 7554 7442 8028 8162 8573 8657 9125 9137 9608 9848 9543 8791 8366 8030 7762 7195 6878 6527 5900 5482 5673 6365 6800 6883 7352 7782 7126 6462 5871 5174 4580 3916 3258 ]
