n = 50 ; 
T = 96 ; 
Init = [ 1 1 0 1 0 1 1 1 1 1 0 1 0 0 0 0 0 0 0 1 1 0 0 1 0 0 0 0 0 1 1 0 1 1 1 1 1 0 0 0 0 0 1 0 0 1 0 0 0 0 ]
L = [ 15 13 18 10 6 13 5 17 15 12 13 14 9 12 4 4 19 8 5 5 19 8 14 18 20 19 20 9 17 12 19 7 20 18 6 13 15 19 6 9 18 5 11 7 14 12 8 12 9 15 ]
l = [ 15 13 18 10 6 13 5 17 15 12 13 14 9 12 4 4 19 8 5 5 19 8 14 18 20 19 20 9 17 12 19 7 20 18 6 13 15 19 6 9 18 5 11 7 14 12 8 12 9 15 ]
Pmin = [ 77 60 99 52 30 69 24 100 77 66 69 74 41 65 20 21 100 34 26 28 100 38 80 98 100 100 100 47 88 65 100 29 100 91 34 74 85 100 30 48 100 29 49 36 71 60 35 64 44 81 ]
Pmax = [ 311 237 396 179 107 268 59 385 285 242 253 282 157 242 37 51 409 115 70 73 420 135 300 402 420 420 420 170 335 257 417 107 420 371 97 275 327 408 85 173 405 88 192 114 284 245 127 242 155 300 ]
cf = [ 67.1133 45.973 56.972 42.4393 68.7454 50.6371 30.6227 31.4966 59.3847 50.5751 27.7943 64.2365 30.5604 64.2269 27.5193 22.4431 33.3536 20.3045 37.4883 44.7706 13.856 63.089 52.8886 56.8419 40.2968 28.6418 38.7469 24.5566 22.2586 64.2896 57.9833 19.3719 40.2626 44.9554 54.8112 39.008 25.5924 15.434 63.5046 14.9772 59.0091 21.2989 9.21368 19.5695 15.5258 29.7329 35.0127 41.8794 43.0374 65.501 ]
c0 = [ 204 169 250 140 104 186 77 250 195 173 196 205 114 177 60 63 250 108 90 79 250 108 216 250 250 250 250 127 228 187 250 94 250 238 111 199 233 250 86 145 250 82 143 110 193 170 110 183 125 216 ]
cp = [ 30.188 22.6633 18.8911 21.8352 35.1101 23.9789 40.7793 14.5078 24.6711 27.5268 18.7627 19.4218 34.2788 21.1961 41.4845 41.7375 10.6029 36.8012 40.5656 36.9272 8.50406 29.8319 17.1475 12.4602 8.88589 8.523 8.74875 31.759 11.6589 23.2818 10.0162 26.9506 8.46652 11.7648 36.0269 23.3575 17.7422 9.10852 36.3583 29.0273 10.1425 38.6864 31.0716 37.1729 16.4352 30.492 31.1647 23.8243 36.4957 14.7361 ]
D = [ 1294 1642 2404 2645 2976 3580 3773 4288 4575 4804 5392 6035 6162 6674 7205 7441 7810 8057 8676 9124 9340 10066 10079 10821 11082 10825 10287 9412 9221 8712 8116 7392 7300 6586 6170 6501 6959 7303 7742 8555 8721 8187 7606 6811 5909 5452 4488 4023 3147 3687 4120 4089 4596 5134 5418 5450 5898 6439 6410 6651 7282 7591 7823 8331 8613 8717 8924 9362 9574 10150 10374 10818 11119 10735 9946 9351 9233 8326 7989 7269 7055 6356 5758 6233 6728 7545 7730 8352 8915 7974 7266 6415 5463 4666 4002 3010 ]
