n = 50 ; 
T = 96 ; 
Init = [ 0 1 1 0 0 0 1 1 0 0 0 0 1 1 1 0 0 1 0 1 1 0 0 1 0 0 0 1 1 1 0 1 0 1 0 0 0 1 1 0 0 0 0 1 1 0 1 1 1 1 ]
L = [ 9 9 9 5 5 5 5 10 10 15 15 15 5 5 10 12 12 12 9 9 9 9 9 14 14 4 4 12 12 12 12 12 19 10 5 5 5 5 5 5 18 18 18 18 9 9 9 8 8 8 ]
l = [ 9 9 9 5 5 5 5 10 10 15 15 15 5 5 10 12 12 12 9 9 9 9 9 14 14 4 4 12 12 12 12 12 19 10 5 5 5 5 5 5 18 18 18 18 9 9 9 8 8 8 ]
Pmin = [ 45 45 45 23 23 23 23 50 50 74 74 74 24 24 54 61 61 61 52 52 52 52 52 78 78 21 21 64 64 64 64 64 100 50 23 23 21 21 21 21 100 100 100 100 45 45 45 39 39 39 ]
Pmax = [ 177 177 177 78 78 78 78 188 188 296 296 296 78 78 193 223 223 223 174 174 174 174 174 295 295 45 45 249 249 249 249 249 390 171 60 60 69 69 69 69 386 386 386 386 162 162 162 141 141 141 ]
cf = [ 17.0877 17.0877 17.0877 51.0463 51.0463 51.0463 51.0463 50.4665 50.4665 68.6984 68.6984 68.6984 17.5114 17.5114 17.696 9.33939 9.33939 9.33939 46.0466 46.0466 46.0466 46.0466 46.0466 8.75754 8.75754 60.777 60.777 30.0075 30.0075 30.0075 30.0075 30.0075 44.4527 49.8745 17.1759 17.1759 20.2048 20.2048 20.2048 20.2048 10.5177 10.5177 10.5177 10.5177 29.1173 29.1173 29.1173 26.0908 26.0908 26.0908 ]
c0 = [ 120 120 120 68 68 68 68 132 132 199 199 199 77 77 149 169 169 169 148 148 148 148 148 203 203 70 70 174 174 174 174 174 250 138 80 80 69 69 69 69 250 250 250 250 141 141 141 118 118 118 ]
cp = [ 27.6212 27.6212 27.6212 40.7266 40.7266 40.7266 40.7266 28.8316 28.8316 18.6069 18.6069 18.6069 34.4146 34.4146 31.716 26.2963 26.2963 26.2963 37.5117 37.5117 37.5117 37.5117 37.5117 16.5905 16.5905 41.8571 41.8571 20.1241 20.1241 20.1241 20.1241 20.1241 10.1778 30.5335 38.6244 38.6244 40.6406 40.6406 40.6406 40.6406 9.94166 9.94166 9.94166 9.94166 26.5248 26.5248 26.5248 31.83 31.83 31.83 ]
D = [ 1420 1707 1892 2299 2626 2691 3050 3246 3384 3690 3858 4135 4391 4841 5108 5459 5414 5854 6025 6230 6658 7023 7067 7587 7772 7323 7070 6682 6543 6161 5845 5417 5061 4670 4388 4750 5170 5637 5934 6231 6388 6075 5515 4793 4313 3760 3128 2699 2291 2409 2850 2796 3334 3347 3469 3943 3955 4323 4757 4694 5096 5200 5580 5758 6181 6167 6524 6817 7138 7313 7309 7616 8054 7563 7082 6741 6662 6156 5737 5496 5226 4653 4474 4847 5102 5507 5757 6142 6319 5898 5471 4945 4389 3746 3158 2786 ]
