n = 50 ; 
T = 96 ; 
Init = [ 1 1 1 1 0 1 0 1 1 1 1 1 1 0 0 0 0 1 1 0 1 1 0 1 1 0 1 1 0 1 1 1 1 1 1 1 0 1 0 1 0 0 0 1 0 0 0 0 0 1 ]
L = [ 15 12 8 18 14 10 16 8 9 10 14 7 6 6 5 5 7 17 13 14 15 17 5 16 10 10 7 14 14 19 7 16 14 15 13 9 11 14 14 8 19 11 13 6 12 18 18 16 10 13 ]
l = [ 15 12 8 18 14 10 16 8 9 10 14 7 6 6 5 5 7 17 13 14 15 17 5 16 10 10 7 14 14 19 7 16 14 15 13 9 11 14 14 8 19 11 13 6 12 18 18 16 10 13 ]
Pmin = [ 82 63 43 96 71 48 85 39 49 48 74 33 29 37 24 24 30 91 75 71 80 92 25 82 57 48 34 77 75 100 33 88 77 83 67 47 54 74 68 49 100 47 65 27 72 100 97 78 51 74 ]
Pmax = [ 337 258 155 401 285 182 324 152 166 165 302 110 97 111 61 55 115 366 291 293 324 377 91 326 207 194 121 295 298 420 112 350 291 309 259 151 212 299 278 161 420 186 251 92 261 416 405 322 188 284 ]
cf = [ 30.8651 17.9964 52.8699 29.7092 20.5957 36.7483 27.1217 31.1211 25.777 26.093 7.91248 51.5042 31.9223 27.7816 66.0239 51.8573 53.8175 48.4154 23.4602 42.7286 38.6244 30.8644 38.5161 66.2116 38.5932 23.2423 60.0304 12.9344 57.2112 31.1472 27.682 18.0763 42.1436 10.5519 40.7855 55.7392 40.3002 60.9072 16.8603 59.0773 17.0002 17.7728 40.5814 41.9225 38.5544 36.6053 23.7798 22.372 15.0207 40.24 ]
c0 = [ 209 176 131 245 183 137 218 114 131 137 190 102 81 116 79 78 100 242 204 200 216 243 93 208 164 147 96 213 212 250 100 223 202 213 178 132 155 199 191 148 250 145 176 78 201 250 250 208 144 193 ]
cp = [ 18.3846 20.3541 37.2736 16.8109 25.8447 32.81 20.5275 30.4128 32.3685 25.6935 22.198 38.8147 36.7573 41.0677 40.9715 39.8637 32.0035 19.2401 24.2781 23.2431 11.4279 26.827 36.7899 14.7208 31.3943 27.9167 36.2656 17.4071 22.9162 8.92834 32.7884 13.9121 19.9263 14.0925 17.3019 27.3757 27.1131 16.0659 28.0432 33.7378 8.62793 25.4474 20.3466 35.2987 29.6161 13.7802 11.6992 15.7675 27.0877 32.2449 ]
D = [ 2077 2494 2761 3145 3423 3965 4323 4530 4782 5374 5337 5701 6178 6762 6798 7121 7392 7903 8395 8676 9161 9171 9825 9832 10255 9850 9211 8770 8495 8045 7725 7375 7000 6606 5830 6316 7045 7209 8028 8200 9083 8354 7380 6762 6277 5466 4829 4273 3385 3553 3817 4548 4514 4774 5199 5620 5998 6041 6525 6946 7118 7601 7797 8115 8463 8813 9060 9362 9889 10199 10229 10628 10983 10295 9888 9593 8972 8281 7850 7141 6767 6282 5985 6313 6824 7219 8118 8219 8807 8128 7525 6691 6177 5451 4616 3663 ]
