n = 50 ; 
T = 96 ; 
Init = [ 1 1 0 0 0 0 1 0 0 0 0 1 1 0 0 0 0 1 0 0 1 1 0 1 1 0 0 1 0 0 1 1 1 1 0 1 1 1 1 1 1 1 0 0 0 0 1 0 0 1 ]
L = [ 4 13 14 4 19 14 13 11 20 10 16 15 4 20 12 12 5 10 10 5 13 11 19 6 13 6 20 16 18 17 8 13 5 11 16 16 15 10 13 12 19 12 10 11 6 14 5 19 4 7 ]
l = [ 4 13 14 4 19 14 13 11 20 10 16 15 4 20 12 12 5 10 10 5 13 11 19 6 13 6 20 16 18 17 8 13 5 11 16 16 15 10 13 12 19 12 10 11 6 14 5 19 4 7 ]
Pmin = [ 17 63 75 24 100 79 66 62 100 49 87 81 21 100 68 68 19 56 50 21 72 57 100 25 72 27 100 83 93 94 45 68 27 52 88 85 82 45 73 63 100 58 54 58 33 77 27 100 16 32 ]
Pmax = [ 40 259 290 60 420 318 263 222 420 186 348 314 43 420 242 265 68 214 182 50 265 200 403 89 267 88 420 326 362 365 152 274 73 200 332 352 316 174 264 252 398 224 187 223 102 292 72 398 52 116 ]
cf = [ 52.7743 39.7845 25.0296 40.0312 41.677 46.8 67.1352 25.1507 52.2521 11.1897 9.37377 9.70965 40.0325 49.1692 36.5148 12.9286 28.726 54.4553 16.0554 8.75317 32.7078 30.4176 32.0339 18.6743 68.117 16.64 32.6955 60.6906 33.7336 48.9576 18.5993 16.5079 18.7421 36.6289 49.5391 53.4191 13.4289 46.6743 8.56984 58.6811 50.864 10.9436 61.3907 20.8965 53.1128 27.9055 26.8251 11.8388 12.3608 35.8806 ]
c0 = [ 60 181 193 70 250 219 180 159 250 133 235 206 70 250 182 179 69 144 140 71 190 169 250 72 190 85 250 211 236 250 126 184 89 145 234 230 212 119 200 177 250 158 156 164 106 200 94 250 54 95 ]
cp = [ 41.8353 16.4645 22.3522 41.2577 8.68173 18.9901 24.9183 27.505 9.17835 33.987 20.334 24.8273 41.6038 9.3849 22.5693 22.1433 40.669 31.9892 22.1729 40.2133 12.8838 20.9013 8.96371 36.9208 22.3068 35.3966 10.7745 12.6997 15.7018 15.6208 32.1074 22.9569 39.5877 28.2263 19.985 28.8206 13.7776 29.8541 23.6094 20.1102 10.7649 28.6456 29.506 22.4253 32.0025 24.9754 35.283 17.4387 40.746 24.9765 ]
D = [ 1401 1711 1828 2463 2577 3262 3677 3776 4477 4564 5215 5486 5740 6175 6627 6788 7165 7785 7855 8396 8792 9136 9669 9956 10304 9716 9464 8697 8263 7861 7633 7254 6786 6297 5720 6417 6748 7180 7599 8255 8855 7886 7231 6504 6050 5472 4529 4076 3025 3588 3704 3952 4264 4529 4802 5170 5207 5560 5918 6383 6616 6702 6987 7141 7592 8021 8263 8438 8906 9115 9072 9655 9614 9575 8907 8531 7983 7692 7186 6741 6281 6073 5602 6147 6897 7392 8031 8544 9116 8040 7401 6592 5784 5156 4226 3594 ]
