n = 50 ; 
T = 96 ; 
Init = [ 1 1 1 0 0 0 0 1 1 1 0 1 1 0 0 0 1 1 1 1 1 0 1 0 1 1 1 0 1 1 1 0 0 0 0 0 0 0 1 1 1 1 0 1 0 0 1 1 1 0 ]
L = [ 6 10 18 11 17 11 12 6 5 11 10 7 7 8 7 17 18 10 9 9 7 8 18 6 18 8 16 13 12 17 11 5 20 14 8 11 14 15 16 16 19 15 11 10 6 6 10 15 9 12 ]
l = [ 6 10 18 11 17 11 12 6 5 11 10 7 7 8 7 17 18 10 9 9 7 8 18 6 18 8 16 13 12 17 11 5 20 14 8 11 14 15 16 16 19 15 11 10 6 6 10 15 9 12 ]
Pmin = [ 29 50 99 56 93 52 62 35 19 56 57 31 31 44 36 90 97 56 46 39 35 32 99 28 94 32 89 68 58 94 55 24 100 75 33 53 78 79 86 90 100 80 54 61 22 27 50 86 44 61 ]
Pmax = [ 78 171 393 227 358 203 249 106 53 205 211 102 116 159 103 362 384 191 179 140 103 118 377 70 394 113 368 259 234 368 187 53 420 289 125 204 296 322 356 370 405 308 194 215 76 80 194 329 156 238 ]
cf = [ 8.70175 23.7148 9.97308 32.3043 28.1261 28.1217 62.3774 69.8657 59.9109 11.0048 15.8973 49.8341 27.3796 46.3518 8.64924 45.2013 29.8755 63.5299 20.0646 36.6836 62.3949 23.1957 43.4671 62.9166 52.8532 15.091 34.4273 48.6718 31.9827 24.0705 23.6318 33.6845 40.7854 26.6049 58.9888 61.9114 47.7267 51.3661 61.7771 37.6376 55.371 7.67442 17.4717 12.7506 47.0262 19.121 50.9518 69.9017 12.6508 64.0164 ]
c0 = [ 82 138 250 146 240 147 167 102 59 154 170 87 93 127 108 236 250 150 135 121 104 98 250 79 243 98 238 185 155 239 161 75 250 197 95 154 217 214 218 247 250 204 140 166 75 88 151 221 134 171 ]
cp = [ 41.198 33.6567 11.3229 25.9474 13.4293 24.3204 28.3144 34.1614 34.4924 17.5748 15.4567 36.997 32.1538 27.4562 38.6624 14.9076 12.4985 30.7097 30.0543 31.5577 35.962 33.5552 12.5512 37.5128 10.9372 34.5444 9.04855 25.5888 28.6602 13.4244 27.6902 39.9062 10.5119 28.1117 34.5346 18.7148 25.6913 13.4645 12.1728 17.5265 8.16501 21.5266 26.7287 36.4506 40.1718 37.4326 25.7361 21.522 29.3438 27.3058 ]
D = [ 1754 1765 2133 2563 2891 3204 3632 4028 3959 4289 4908 5290 5523 5735 6189 6256 6590 7148 7283 7584 7946 8321 8408 8900 9314 9083 8716 8243 7663 7247 7124 6558 6266 6192 5739 6272 6577 7048 7660 8009 8492 7741 6924 6090 5232 4550 3898 3055 2489 2483 2881 3425 3403 4114 3998 4345 4853 4956 5363 5718 6152 6197 6826 6837 7462 7545 8008 8218 8683 9081 9201 9753 9834 9583 8870 8587 8244 7901 7175 6941 6710 6069 5633 6329 6484 6882 7179 7960 8148 7471 6794 6466 5520 5158 4096 3462 ]
