n = 50 ; 
T = 96 ; 
Init = [ 0 0 1 0 0 0 1 1 1 0 1 1 0 0 0 0 1 0 1 0 1 1 1 1 1 0 0 0 1 0 1 1 0 0 1 0 0 0 1 1 0 0 0 0 1 1 0 0 1 1 ]
L = [ 9 19 8 8 16 16 16 16 7 7 7 7 7 18 18 13 13 13 13 14 14 14 5 5 5 5 12 12 6 6 6 6 4 4 4 15 15 15 15 6 6 6 15 15 15 15 15 15 15 10 ]
l = [ 9 19 8 8 16 16 16 16 7 7 7 7 7 18 18 13 13 13 13 14 14 14 5 5 5 5 12 12 6 6 6 6 4 4 4 15 15 15 15 6 6 6 15 15 15 15 15 15 15 10 ]
Pmin = [ 42 100 35 35 89 89 89 89 39 39 39 39 39 100 100 75 75 75 75 70 74 74 24 24 24 24 69 69 26 26 26 26 17 17 17 87 87 87 87 26 26 26 79 79 79 79 78 78 78 52 ]
Pmax = [ 158 414 128 128 339 339 339 339 119 119 119 119 119 405 405 270 270 270 270 279 271 271 70 70 70 70 248 248 79 79 79 79 47 47 47 343 343 343 343 90 90 90 294 294 294 294 300 300 300 184 ]
cf = [ 20.0509 26.6541 35.7998 35.7998 27.734 27.734 27.734 27.734 15.8178 15.8178 15.8178 15.8178 15.8178 43.5816 43.5816 30.8532 30.8532 30.8532 30.8532 49.015 31.5991 31.5991 69.9008 69.9008 69.9008 69.9008 45.8719 45.8719 61.2899 61.2899 61.2899 61.2899 24.124 24.124 24.124 40.1474 40.1474 40.1474 40.1474 51.011 51.011 51.011 20.6126 20.6126 20.6126 20.6126 13.5574 13.5574 13.5574 66.1041 ]
c0 = [ 125 250 104 104 239 239 239 239 119 119 119 119 119 250 250 201 201 201 201 179 208 208 78 78 78 78 191 191 74 74 74 74 67 67 67 240 240 240 240 82 82 82 216 216 216 216 203 203 203 146 ]
cp = [ 27.6544 9.1274 35.6037 35.6037 17.9719 17.9719 17.9719 17.9719 35.129 35.129 35.129 35.129 35.129 9.17252 9.17252 19.3234 19.3234 19.3234 19.3234 18.855 22.0628 22.0628 40.2055 40.2055 40.2055 40.2055 19.651 19.651 35.8843 35.8843 35.8843 35.8843 41.8217 41.8217 41.8217 18.7208 18.7208 18.7208 18.7208 38.1121 38.1121 38.1121 18.4871 18.4871 18.4871 18.4871 20.0263 20.0263 20.0263 37.5295 ]
D = [ 2075 2113 2656 2922 3042 3506 3838 4056 4483 4941 5205 5517 5872 6099 6415 6554 6993 7157 7589 7998 8114 8500 9091 9113 9794 9312 8921 8460 7897 7603 7214 6614 6035 5867 5210 5581 5891 6397 6664 7078 7311 6640 6165 5551 4786 4305 3916 3267 2836 2918 3065 3538 3656 4178 4108 4360 4920 5085 5186 5597 5941 6096 6500 6624 6730 7231 7272 7678 7858 8255 8458 8721 8883 8386 8367 7790 7702 6992 6761 6536 6057 5716 5297 5754 5935 6263 6715 6789 7432 6886 6272 5752 5102 4635 3982 3588 ]
