n = 50 ; 
T = 96 ; 
Init = [ 0 0 0 1 1 0 1 1 1 1 0 1 0 0 0 1 1 1 0 1 0 1 0 1 1 0 0 0 0 0 0 1 0 0 0 1 0 0 0 1 1 1 0 1 1 0 1 1 0 1 ]
L = [ 17 17 17 17 8 8 8 10 19 19 19 19 19 14 14 14 14 14 8 8 8 8 8 8 8 8 8 8 5 5 5 5 5 14 14 14 14 14 18 18 18 18 18 19 11 11 11 11 11 11 ]
l = [ 17 17 17 17 8 8 8 10 19 19 19 19 19 14 14 14 14 14 8 8 8 8 8 8 8 8 8 8 5 5 5 5 5 14 14 14 14 14 18 18 18 18 18 19 11 11 11 11 11 11 ]
Pmin = [ 88 88 88 88 39 39 39 51 100 100 100 100 100 73 73 73 73 73 41 41 41 41 41 40 40 40 40 40 19 19 19 19 19 75 75 75 75 75 100 100 100 100 100 100 62 62 62 62 56 56 ]
Pmax = [ 357 357 357 357 142 142 142 191 420 420 420 420 420 300 300 300 300 300 146 146 146 146 146 137 137 137 137 137 67 67 67 67 67 276 276 276 276 276 404 404 404 404 404 401 236 236 236 236 206 206 ]
cf = [ 58.1079 58.1079 58.1079 58.1079 19.482 19.482 19.482 33.9923 34.4474 34.4474 34.4474 34.4474 34.4474 37.0437 37.0437 37.0437 37.0437 37.0437 27.5114 27.5114 27.5114 27.5114 27.5114 35.0336 35.0336 35.0336 35.0336 35.0336 31.3079 31.3079 31.3079 31.3079 31.3079 59.2858 59.2858 59.2858 59.2858 59.2858 8.39176 8.39176 8.39176 8.39176 8.39176 46.5999 46.0125 46.0125 46.0125 46.0125 22.1963 22.1963 ]
c0 = [ 234 234 234 234 115 115 115 133 250 250 250 250 250 206 206 206 206 206 130 130 130 130 130 118 118 118 118 118 65 65 65 65 65 195 195 195 195 195 250 250 250 250 250 250 181 181 181 181 151 151 ]
cp = [ 10.9387 10.9387 10.9387 10.9387 26.0926 26.0926 26.0926 31.7346 11.0544 11.0544 11.0544 11.0544 11.0544 17.638 17.638 17.638 17.638 17.638 37.2807 37.2807 37.2807 37.2807 37.2807 23.9404 23.9404 23.9404 23.9404 23.9404 38.9533 38.9533 38.9533 38.9533 38.9533 28.4481 28.4481 28.4481 28.4481 28.4481 8.44695 8.44695 8.44695 8.44695 8.44695 11.2711 26.3446 26.3446 26.3446 26.3446 28.5784 28.5784 ]
D = [ 1791 1850 2436 2720 2909 3710 3995 4361 4594 4993 5539 5710 6150 6448 7014 7223 7853 8137 8598 8890 9429 9691 10054 10728 10880 10242 9759 9457 8741 8487 8109 7187 7087 6418 5875 6596 6875 7250 7946 8553 8936 7982 7535 6646 5600 4842 4258 3450 2418 2645 3394 3479 3732 4202 4565 5074 5191 5626 6059 6016 6418 7059 7266 7528 7867 8167 8784 8974 9148 9682 10119 10341 10611 10234 9585 9335 8858 8300 7726 7123 6937 6287 5915 6667 7174 7365 8286 8570 9342 8482 7479 6923 5879 5228 4110 3550 ]
