n = 50 ; 
T = 96 ; 
Init = [ 1 1 0 1 0 1 1 0 1 0 0 0 0 1 1 1 0 0 1 1 0 0 0 1 1 0 0 0 1 0 0 0 1 0 1 1 1 0 0 0 0 0 0 0 1 0 1 0 0 1 ]
L = [ 16 16 10 10 10 10 16 16 16 16 8 8 7 7 7 6 6 6 6 6 9 9 9 9 9 15 15 14 14 9 8 8 8 12 12 12 14 14 14 14 7 7 7 7 7 16 16 16 16 16 ]
l = [ 16 16 10 10 10 10 16 16 16 16 8 8 7 7 7 6 6 6 6 6 9 9 9 9 9 15 15 14 14 9 8 8 8 12 12 12 14 14 14 14 7 7 7 7 7 16 16 16 16 16 ]
Pmin = [ 85 85 56 56 56 56 91 91 91 91 44 44 43 43 43 24 24 24 24 24 50 50 50 50 50 81 81 71 71 46 44 44 44 60 60 60 68 68 68 68 35 35 35 35 35 79 79 79 79 79 ]
Pmax = [ 332 332 191 191 191 191 352 352 352 352 155 155 138 138 138 60 60 60 60 60 182 182 182 182 182 329 329 278 278 158 163 163 163 230 230 230 270 270 270 270 106 106 106 106 106 321 321 321 321 321 ]
cf = [ 55.5415 55.5415 68.0091 68.0091 68.0091 68.0091 40.7431 40.7431 40.7431 40.7431 57.6905 57.6905 7.49785 7.49785 7.49785 45.1003 45.1003 45.1003 45.1003 45.1003 57.4515 57.4515 57.4515 57.4515 57.4515 27.1632 27.1632 59.688 59.688 67.3338 60.6279 60.6279 60.6279 15.9908 15.9908 15.9908 36.3026 36.3026 36.3026 36.3026 59.3724 59.3724 59.3724 59.3724 59.3724 18.5363 18.5363 18.5363 18.5363 18.5363 ]
c0 = [ 221 221 153 153 153 153 244 244 244 244 125 125 122 122 122 78 78 78 78 78 146 146 146 146 146 207 207 187 187 136 136 136 136 159 159 159 175 175 175 175 106 106 106 106 106 217 217 217 217 217 ]
cp = [ 16.7138 16.7138 20.5808 20.5808 20.5808 20.5808 14.8374 14.8374 14.8374 14.8374 29.5948 29.5948 40.3129 40.3129 40.3129 40.1249 40.1249 40.1249 40.1249 40.1249 31.0263 31.0263 31.0263 31.0263 31.0263 20.3752 20.3752 24.9815 24.9815 35.9822 33.0604 33.0604 33.0604 19.4005 19.4005 19.4005 23.0326 23.0326 23.0326 23.0326 32.336 32.336 32.336 32.336 32.336 22.9231 22.9231 22.9231 22.9231 22.9231 ]
D = [ 1075 1688 1759 2103 2507 2849 3090 3233 3523 3889 4285 4604 4933 5256 5410 5910 6210 6560 6945 7353 7642 7650 8257 8399 8623 8517 8057 7742 7175 7015 6646 6153 5887 5275 5217 5337 5859 6023 6377 6874 7091 6609 5789 5507 4630 4054 3554 3068 2412 2542 2989 3209 3648 3741 4165 4406 4901 4793 5134 5383 5988 6114 6550 6580 7130 7324 7640 7887 8248 8460 8818 8781 9076 8805 8488 7806 7321 7020 6591 6185 5730 5464 4993 5149 5554 6085 6602 6812 7355 6918 6082 5530 4935 4250 3848 3113 ]
