n = 50 ; 
T = 96 ; 
Init = [ 0 1 0 1 1 1 1 0 0 0 1 1 0 0 1 0 0 1 0 1 0 1 0 1 1 0 0 0 0 0 1 1 1 1 0 1 0 1 1 1 1 0 0 0 1 1 0 1 1 0 ]
L = [ 18 5 14 12 13 20 9 15 17 7 14 5 20 16 19 8 10 18 17 17 16 9 11 15 14 6 9 8 13 20 9 16 15 10 16 5 19 19 10 8 15 15 15 6 4 11 10 5 7 14 ]
l = [ 18 5 14 12 13 20 9 15 17 7 14 5 20 16 19 8 10 18 17 17 16 9 11 15 14 6 9 8 13 20 9 16 15 10 16 5 19 19 10 8 15 15 15 6 4 11 10 5 7 14 ]
Pmin = [ 98 19 80 64 71 100 46 80 99 26 79 25 100 83 100 32 46 100 92 100 85 51 57 79 76 27 41 43 72 100 40 85 75 56 86 20 100 100 48 38 84 78 75 21 15 61 44 27 34 72 ]
Pmax = [ 383 53 301 249 261 420 161 327 377 95 318 86 416 324 420 119 172 397 351 390 348 176 224 313 284 68 159 132 274 416 150 342 301 189 332 70 408 420 182 118 337 303 311 71 50 236 165 85 115 292 ]
cf = [ 16.478 61.6266 59.934 22.3909 37.4587 28.5702 30.7105 39.9676 15.0697 64.9841 67.8907 13.8328 52.5463 7.1228 11.8059 69.9503 69.8276 60.5559 41.5099 12.7831 31.7602 66.5098 15.9808 65.0696 39.0976 32.5107 33.1009 63.4883 68.2167 50.8277 29.5548 14.6947 42.4544 19.4888 30.0857 9.91308 41.059 53.7961 42.8807 49.1287 48.7802 40.7714 55.9615 31.3265 40.8942 60.7674 31.2768 40.7218 51.3233 65.7867 ]
c0 = [ 250 70 223 174 202 250 127 205 250 91 220 93 250 214 250 106 129 250 234 250 228 141 149 213 204 77 110 130 194 250 128 232 191 166 222 81 250 250 127 113 220 198 202 73 53 169 124 88 97 194 ]
cp = [ 16.4299 35.9635 13.9262 29.9764 33.8859 9.76115 20.5046 29.271 10.7363 30.8234 22.3934 37.1353 11.2799 12.835 12.8604 33.8373 35.2346 9.8947 12.7451 15.2107 19.8672 30.5432 27.7485 22.8554 26.0059 40.819 37.3704 31.6903 26.6793 8.23935 33.9226 27.5064 11.9347 29.288 25.8659 40.194 10.6649 12.329 33.3564 33.2408 26.5743 14.6513 19.6555 40.3003 41.0139 20.7658 26.1123 39.9667 38.4947 23.2482 ]
D = [ 1910 2191 2700 3013 3331 3706 4339 4543 5131 5588 5873 6307 6519 6902 7252 7512 7893 8664 9041 9232 9594 10123 10571 11006 11133 10763 10121 9546 9070 8376 7921 7141 6826 6496 5644 6263 6440 7318 7756 8138 8605 7865 7216 6432 6173 5490 4581 4318 3326 3967 3846 4537 4598 4929 5206 5600 5538 6062 6203 6356 7055 7360 7236 7876 8164 8449 8619 8792 9053 9545 9601 9805 10496 9689 9479 9136 8498 8112 7622 7216 6705 6293 5811 6138 6835 7407 8326 8677 9490 8377 7674 7013 5922 5293 4505 3901 ]
