n = 50 ; 
T = 96 ; 
Init = [ 1 0 1 0 0 0 0 0 1 1 1 0 1 0 1 0 1 1 1 1 0 0 1 0 0 1 1 0 1 1 0 0 1 1 0 1 1 1 1 0 0 1 0 1 1 1 1 0 0 1 ]
L = [ 10 13 18 8 20 20 5 19 9 13 6 13 8 19 14 11 7 18 14 10 8 11 17 19 7 19 15 9 19 18 17 14 10 13 15 14 7 19 6 20 10 10 4 15 18 19 13 7 11 14 ]
l = [ 10 13 18 8 20 20 5 19 9 13 6 13 8 19 14 11 7 18 14 10 8 11 17 19 7 19 15 9 19 18 17 14 10 13 15 14 7 19 6 20 10 10 4 15 18 19 13 7 11 14 ]
Pmin = [ 48 79 93 34 100 100 25 100 52 68 26 71 37 100 73 54 35 90 73 44 41 62 87 100 33 100 83 39 100 97 98 72 51 63 74 72 31 99 30 100 56 59 19 80 100 100 65 24 54 81 ]
Pmax = [ 185 291 369 115 420 420 62 420 182 265 87 270 124 419 274 191 132 372 295 165 153 217 359 398 91 405 308 150 420 394 371 266 198 242 298 289 115 414 88 420 209 204 51 292 382 420 239 89 207 300 ]
cf = [ 41.0757 17.2188 28.9579 43.7 67.148 14.3035 41.0405 65.2087 44.3946 41.0014 19.6641 7.07813 60.6985 13.1012 24.5372 41.908 44.7581 31.1246 11.105 50.1333 33.9253 64.9835 47.9531 30.8913 62.4984 53.2159 50.5967 15.1071 18.6446 39.1139 50.959 52.7204 49.3327 9.91694 26.4204 46.4807 17.2205 60.4609 41.6894 54.615 31.4623 54.3535 54.6932 22.1608 60.4546 9.23032 57.0688 35.2127 33.3549 61.1738 ]
c0 = [ 132 214 250 100 250 250 89 250 155 181 92 201 101 250 193 146 102 237 193 118 117 176 219 250 107 250 231 114 250 249 250 189 153 168 203 194 88 250 85 250 163 174 78 223 250 250 172 79 158 217 ]
cp = [ 30.4671 21.4971 15.9167 33.1925 8.24839 9.06629 35.5735 8.89244 39.7018 18.8215 40.6889 26.404 39.8441 12.2106 18.376 27.2033 35.2235 13.9939 22.413 30.5231 36.3425 27.8482 17.7423 9.99777 36.9663 12.7982 20.3478 32.3933 11.249 10.5668 17.8243 24.7628 29.2274 25.8458 12.5297 18.7932 29.5249 12.0062 31.1423 8.27655 31.8807 29.7605 41.4783 10.3294 12.1683 11.7547 17.9366 29.723 29.3334 28.7844 ]
D = [ 1511 1867 2498 2863 3247 3537 3997 4395 4658 5306 5837 6261 6675 7046 7320 7838 8529 8481 9001 9432 10196 10306 10615 11203 11803 11392 10670 10182 9737 9016 8752 8022 7733 7166 6373 6978 7211 7893 8467 8535 8931 8481 7922 7178 6166 5452 4797 4047 3456 3768 4063 4305 4914 5235 5547 5445 6016 6114 6742 6755 7079 7382 7709 8290 8239 8713 8761 9466 9579 10089 9978 10584 10635 10222 10085 9515 9055 8764 8012 7892 7102 6845 6156 6699 7488 7836 8477 9026 9672 8712 8057 7304 6342 5709 4726 3913 ]
