n = 50 ; 
T = 96 ; 
Init = [ 0 1 0 0 0 1 1 0 1 0 1 1 1 1 0 1 0 1 0 1 1 0 0 1 0 0 0 0 1 1 1 1 0 1 1 0 0 0 0 0 1 0 1 0 1 0 1 1 1 1 ]
L = [ 7 6 5 17 16 8 12 12 5 18 12 6 5 13 12 20 6 10 20 13 4 13 13 18 19 14 19 11 17 18 13 11 9 19 15 7 14 15 14 19 19 9 18 8 13 14 14 10 6 13 ]
l = [ 7 6 5 17 16 8 12 12 5 18 12 6 5 13 12 20 6 10 20 13 4 13 13 18 19 14 19 11 17 18 13 11 9 19 15 7 14 15 14 19 19 9 18 8 13 14 14 10 6 13 ]
Pmin = [ 38 28 24 98 80 46 68 67 20 95 69 25 21 65 68 100 32 59 100 68 17 65 61 100 100 72 100 60 85 98 67 55 49 100 82 29 69 79 75 100 100 47 100 39 71 71 74 48 32 69 ]
Pmax = [ 128 100 56 384 313 153 245 260 60 388 249 72 69 260 246 419 100 201 420 243 46 254 241 388 420 273 420 214 352 385 254 195 166 415 329 100 278 320 279 420 420 167 400 126 264 259 278 179 90 277 ]
cf = [ 55.419 12.9402 66.5653 54.4112 32.7956 44.7734 39.6727 43.9823 7.74028 46.9522 44.6257 46.1809 8.73359 53.6381 53.2438 63.808 61.7789 60.3184 65.4437 60.647 55.5567 20.7412 27.8501 7.89797 35.7439 14.2171 67.0734 67.0722 39.4552 52.6966 66.5502 24.8742 58.6368 63.1155 9.28541 21.4323 37.8889 41.9581 58.4146 38.6292 18.9103 33.0403 14.81 20.6439 16.6784 61.0538 14.4519 8.4573 51.3722 9.89556 ]
c0 = [ 108 81 80 250 224 120 177 191 77 243 186 77 83 173 189 250 100 169 250 181 58 187 178 250 250 201 250 164 217 245 183 150 131 250 226 84 177 201 211 250 250 135 250 109 198 201 200 134 104 198 ]
cp = [ 37.9461 34.6279 39.8271 12.2839 27.3198 27.7047 19.6169 27.6299 34.7552 13.9275 25.3368 40.484 36.3256 22.5078 14.6885 8.07295 36.8522 16.6565 9.9264 21.8032 40.0595 24.8659 20.2721 13.0593 8.51265 20.8938 14.4401 32.8639 12.4508 9.68188 20.7001 26.157 34.7047 11.6247 18.4302 32.6263 22.6195 18.9395 18.6005 10.3215 11.2548 30.6526 12.7297 32.3875 15.8828 25.507 21.1236 21.4953 39.8362 16.919 ]
D = [ 2386 2537 2943 3401 3826 3847 4412 4515 5284 5397 5571 5947 6187 6878 6895 7469 8008 8134 8567 8665 9246 9536 9761 10296 10430 10023 9676 9304 8794 8419 7699 7302 6732 6558 6272 6741 7202 7609 8321 8718 8893 8131 7743 6511 6095 4891 4374 3664 2554 3153 3568 3645 3864 4359 4864 5161 5388 5461 6127 6146 6386 7013 6986 7612 7957 8306 8600 8977 9246 9587 9856 10201 10333 9914 9344 9067 8485 8007 7551 7169 6973 6127 5990 6242 7092 7690 8406 8678 9518 8783 7929 7378 6466 5753 5024 4139 ]
