n = 50 ; 
T = 96 ; 
Init = [ 0 0 1 0 0 1 0 0 0 0 1 0 0 1 0 0 1 0 1 1 1 0 0 1 0 1 1 0 1 0 1 1 0 0 1 0 1 1 0 1 1 1 1 1 1 0 0 0 0 1 ]
L = [ 11 19 5 16 6 8 10 19 10 12 14 9 8 19 10 5 9 14 5 9 11 5 11 14 8 8 6 11 4 16 15 6 14 17 16 8 6 11 8 5 11 8 13 14 14 5 13 5 11 6 ]
l = [ 11 19 5 16 6 8 10 19 10 12 14 9 8 19 10 5 9 14 5 9 11 5 11 14 8 8 6 11 4 16 15 6 14 17 16 8 6 11 8 5 11 8 13 14 14 5 13 5 11 6 ]
Pmin = [ 59 100 15 93 32 45 48 100 51 62 79 38 41 100 56 28 50 76 28 45 67 22 53 76 38 43 22 55 10 90 83 34 73 91 86 42 32 62 31 21 63 44 74 80 76 31 64 20 52 21 ]
Pmax = [ 218 420 42 358 90 153 175 405 197 235 315 141 154 403 219 72 179 308 86 155 242 61 195 291 149 138 65 215 28 339 333 108 290 360 341 161 114 220 118 58 243 161 281 305 278 80 242 53 205 69 ]
cf = [ 68.6066 14.8366 12.9828 53.8724 28.9114 48.9152 36.2195 40.9686 58.4832 50.1911 65.3697 14.3868 7.58602 29.6398 8.70759 67.808 35.1989 45.8652 31.7521 41.974 15.3225 28.636 42.3283 62.8781 35.6471 55.5503 34.8543 17.7045 28.1818 8.98593 30.9207 26.7884 16.8226 36.9035 10.6609 38.734 15.8187 39.8803 9.7026 67.3019 20.0715 68.0723 11.6887 20.6575 27.7121 13.3963 18.4655 55.911 52.2615 43.2176 ]
c0 = [ 154 250 61 247 101 133 135 250 153 171 219 106 114 250 163 92 137 194 90 127 183 82 155 197 115 129 67 146 40 234 216 100 195 249 237 113 100 169 88 73 182 115 205 204 198 97 180 72 149 65 ]
cp = [ 29.0666 13.7658 40.5617 24.4824 31.9621 32.1169 18.3797 9.79319 24.9692 18.7239 19.9563 27.439 36.1436 10.6122 22.193 39.3794 32.7589 19.1962 38.8644 36.086 25.5763 40.4472 25.8678 29.6992 27.0438 32.3425 34.2846 37.7151 41.7671 23.9005 15.115 35.5792 30.188 13.9642 13.5316 35.1196 35.6576 26.7124 35.3279 40.7668 19.1492 35.6351 19.5825 18.561 25.4346 40.4065 23.9068 37.0113 18.8702 34.7213 ]
D = [ 1236 1672 1809 2273 2774 2793 3392 3481 3826 4161 4476 4992 5188 5649 5981 6143 6315 6941 7144 7371 7654 8155 8414 8926 9019 8494 8185 7751 7638 6933 6825 6186 5979 5298 5185 5578 5789 6374 6532 7150 7361 6907 6344 5824 5122 4567 3886 3417 2765 3104 3464 3541 3975 3917 4286 4418 4656 5174 5117 5463 5886 6201 6352 6568 6635 6997 7404 7598 7978 8060 8133 8540 8908 8467 8188 7709 7283 6906 6382 6292 5619 5205 4944 5203 5617 6223 6365 6768 7258 6551 6122 5471 4831 4304 4005 3183 ]
