n = 50 ; 
T = 96 ; 
Init = [ 0 1 1 0 1 1 1 1 1 0 0 1 1 0 1 0 1 0 1 1 1 1 0 0 0 1 1 1 0 1 1 0 0 0 0 0 1 1 1 0 1 0 1 0 0 1 0 1 1 0 ]
L = [ 14 17 15 17 17 20 13 7 14 12 7 16 13 11 11 14 9 9 15 18 5 4 17 12 6 10 20 15 12 16 7 9 10 14 9 19 20 8 5 7 17 18 19 19 15 9 20 11 13 9 ]
l = [ 14 17 15 17 17 20 13 7 14 12 7 16 13 11 11 14 9 9 15 18 5 4 17 12 6 10 20 15 12 16 7 9 10 14 9 19 20 8 5 7 17 18 19 19 15 9 20 11 13 9 ]
Pmin = [ 81 86 81 97 99 100 66 29 71 63 35 86 68 53 62 74 45 51 79 96 21 17 100 60 25 53 100 83 61 93 38 42 40 78 45 100 100 35 23 42 89 100 100 100 83 47 100 59 63 37 ]
Pmax = [ 300 345 307 371 389 420 269 85 282 222 120 330 270 197 238 300 165 192 301 391 65 42 387 224 71 180 420 320 241 364 118 160 160 300 182 420 420 132 73 139 369 399 412 411 338 156 414 221 255 140 ]
cf = [ 58.0376 62.7378 43.8127 61.8187 52.9058 14.1419 16.1203 31.6092 16.0346 69.8895 20.2203 28.7176 52.2827 39.6347 13.449 24.0744 61.1389 10.0856 38.3263 60.1093 60.7635 46.1378 13.9589 29.8912 56.4841 48.9442 16.0035 69.9366 18.5999 46.0817 30.5276 69.6376 38.8195 67.3402 61.4563 21.7253 11.4821 7.57653 46.3345 20.5168 7.46608 59.5548 42.2343 52.7487 29.1895 48.6833 69.8232 20.3284 51.769 38.1495 ]
c0 = [ 223 228 216 250 248 250 184 94 199 182 101 232 174 143 164 189 139 147 203 247 71 55 250 173 83 143 250 210 175 250 107 126 114 213 132 250 250 99 88 129 226 250 250 250 222 140 250 164 173 108 ]
cp = [ 26.0732 15.487 17.7401 17.1826 13.6958 10.1168 22.4416 34.0547 20.3732 29.0326 40.9482 21.703 31.2151 27.6799 25.0437 24.8121 35.5579 23.6761 24.876 12.293 39.807 41.9965 13.5318 22.4919 34.0989 27.2915 8.83559 15.8937 24.4197 24.6523 29.3491 36.2435 27.1412 26.7103 33.6609 11.123 8.27536 40.0514 39.5918 34.4019 13.0934 10.6391 9.20982 8.676 11.883 23.7573 8.90008 22.0374 15.7543 34.7502 ]
D = [ 1532 1896 1912 2731 2684 3424 3614 3880 4374 4792 5516 5691 6027 6720 6701 7335 7923 8321 8312 8984 9194 9845 10182 10500 10898 10269 10013 9307 8956 8724 8403 7534 7267 6562 6112 6968 7667 8071 8793 9587 10009 9028 8075 7414 6221 5354 4423 3418 2618 3261 3448 3759 4098 4540 4957 5019 5596 6106 6358 6688 7205 7201 7623 7937 8552 8657 9291 9336 9907 10292 10564 11185 11555 10865 10156 9732 9225 8879 8282 7896 7326 6554 6116 6499 7286 7878 7960 8459 9199 8522 7834 7072 6028 5400 5095 4304 ]
