n = 50 ; 
T = 96 ; 
Init = [ 1 1 1 0 0 1 1 1 0 1 1 1 1 1 0 1 0 0 1 1 0 0 0 0 1 1 0 0 0 1 0 0 1 0 0 1 1 1 0 1 1 0 0 0 1 0 0 1 1 1 ]
L = [ 13 13 13 4 4 4 4 4 4 4 4 19 19 19 19 19 17 17 17 17 17 7 7 7 7 9 9 9 9 18 18 10 10 8 8 8 10 7 7 13 11 14 14 14 14 15 15 5 5 5 ]
l = [ 13 13 13 4 4 4 4 4 4 4 4 19 19 19 19 19 17 17 17 17 17 7 7 7 7 9 9 9 9 18 18 10 10 8 8 8 10 7 7 13 11 14 14 14 14 15 15 5 5 5 ]
Pmin = [ 66 66 66 14 14 14 14 14 18 18 18 100 100 100 100 100 95 95 95 95 95 32 32 32 32 43 43 43 43 91 91 58 58 40 40 40 61 39 39 66 61 81 81 81 81 77 77 24 24 24 ]
Pmax = [ 249 249 249 40 40 40 40 40 33 33 33 420 420 420 420 420 382 382 382 382 382 90 90 90 90 157 157 157 157 365 365 201 201 150 150 150 221 123 123 254 227 297 297 297 297 311 311 77 77 77 ]
cf = [ 28.7074 28.7074 28.7074 53.1567 53.1567 53.1567 53.1567 53.1567 7.64042 7.64042 7.64042 7.01884 7.01884 7.01884 7.01884 7.01884 54.9186 54.9186 54.9186 54.9186 54.9186 18.8651 18.8651 18.8651 18.8651 61.5994 61.5994 61.5994 61.5994 60.3026 60.3026 49.5568 49.5568 25.4383 25.4383 25.4383 14.7959 54.8782 54.8782 32.8407 41.7861 37.237 37.237 37.237 37.237 14.9448 14.9448 34.7368 34.7368 34.7368 ]
c0 = [ 184 184 184 49 49 49 49 49 68 68 68 250 250 250 250 250 248 248 248 248 248 102 102 102 102 134 134 134 134 247 247 168 168 114 114 114 172 119 119 172 174 208 208 208 208 200 200 73 73 73 ]
cp = [ 34.6098 34.6098 34.6098 41.5739 41.5739 41.5739 41.5739 41.5739 40.777 40.777 40.777 8.90828 8.90828 8.90828 8.90828 8.90828 11.6447 11.6447 11.6447 11.6447 11.6447 32.0063 32.0063 32.0063 32.0063 34.1079 34.1079 34.1079 34.1079 18.8279 18.8279 28.5414 28.5414 33.2932 33.2932 33.2932 31.1855 28.4873 28.4873 27.7411 23.7006 25.0957 25.0957 25.0957 25.0957 12.3694 12.3694 39.0347 39.0347 39.0347 ]
D = [ 1629 2097 2324 2607 2953 3249 3531 3949 4064 4459 4537 4781 5056 5479 5844 6336 6541 6549 7111 7361 7480 8081 8233 8590 8999 8331 7970 7512 7352 6863 6472 5914 5597 5136 4971 5514 5864 6089 6753 6921 7652 6649 6132 5800 4923 4473 3929 2959 2372 2837 3070 3361 3854 4019 4131 4525 4688 5039 5505 5598 6173 6353 6781 6751 7172 7346 7625 8069 8343 8909 9095 9129 9769 9274 8859 8284 7800 7494 6746 6536 5992 5589 4967 5474 5794 6250 6855 7045 7556 6898 6265 5621 5256 4347 3788 3140 ]
