n = 50 ; 
T = 96 ; 
Init = [ 1 0 0 0 1 1 0 1 0 0 0 0 1 0 0 1 1 1 1 1 1 1 1 0 1 0 0 1 0 1 1 1 1 0 1 0 1 1 0 1 0 0 1 1 0 0 0 1 1 0 ]
L = [ 6 6 6 6 6 14 14 15 15 15 15 4 4 4 8 8 8 8 8 9 9 9 16 16 16 16 16 18 18 18 8 8 8 8 8 14 14 14 14 14 7 7 16 9 9 9 9 9 10 10 ]
l = [ 6 6 6 6 6 14 14 15 15 15 15 4 4 4 8 8 8 8 8 9 9 9 16 16 16 16 16 18 18 18 8 8 8 8 8 14 14 14 14 14 7 7 16 9 9 9 9 9 10 10 ]
Pmin = [ 36 36 36 36 36 69 69 78 78 78 78 19 19 19 37 37 37 37 37 45 45 45 80 80 80 80 80 92 92 92 37 37 37 37 37 69 69 69 69 69 38 38 93 40 40 40 40 40 52 52 ]
Pmax = [ 110 110 110 110 110 279 279 325 325 325 325 35 35 35 125 125 125 125 125 166 166 166 329 329 329 329 329 380 380 380 126 126 126 126 126 279 279 279 279 279 125 125 360 155 155 155 155 155 205 205 ]
cf = [ 33.9289 33.9289 33.9289 33.9289 33.9289 69.3196 69.3196 14.5887 14.5887 14.5887 14.5887 60.684 60.684 60.684 46.0966 46.0966 46.0966 46.0966 46.0966 55.8952 55.8952 55.8952 69.7541 69.7541 69.7541 69.7541 69.7541 32.1812 32.1812 32.1812 19.8778 19.8778 19.8778 19.8778 19.8778 67.3245 67.3245 67.3245 67.3245 67.3245 9.85587 9.85587 10.434 10.9943 10.9943 10.9943 10.9943 10.9943 54.3777 54.3777 ]
c0 = [ 100 100 100 100 100 177 177 209 209 209 209 67 67 67 108 108 108 108 108 130 130 130 221 221 221 221 221 242 242 242 112 112 112 112 112 188 188 188 188 188 117 117 247 106 106 106 106 106 138 138 ]
cp = [ 39.6672 39.6672 39.6672 39.6672 39.6672 11.9733 11.9733 16.4528 16.4528 16.4528 16.4528 41.8067 41.8067 41.8067 31.5657 31.5657 31.5657 31.5657 31.5657 25.6707 25.6707 25.6707 10.6066 10.6066 10.6066 10.6066 10.6066 15.4711 15.4711 15.4711 30.4192 30.4192 30.4192 30.4192 30.4192 28.4561 28.4561 28.4561 28.4561 28.4561 36.2055 36.2055 18.8259 31.2234 31.2234 31.2234 31.2234 31.2234 28.4352 28.4352 ]
D = [ 1778 2255 2689 3022 3242 3477 3875 4003 4261 4774 5100 5289 5586 5802 6081 6479 6880 7283 7392 7591 7996 8465 8584 9058 9249 8918 8445 8051 7474 7096 6800 6201 5599 5427 4852 5381 5569 5911 6259 6788 6941 6376 5854 5459 4800 4248 3942 3375 2519 3121 3064 3506 3690 4080 4001 4256 4798 4962 5063 5488 5526 5777 6011 6405 6625 7009 7178 7383 7797 7729 8219 8240 8809 8247 7717 7294 6998 6658 6440 5827 5448 4924 4897 5348 5859 6398 6856 7267 7723 6920 6394 5920 5120 4580 3858 3422 ]
