n = 50 ; 
T = 96 ; 
Init = [ 0 1 1 1 0 0 0 0 0 0 1 0 0 0 0 0 1 1 0 0 1 0 1 0 1 0 1 1 0 0 0 0 1 1 1 0 1 1 0 1 0 1 0 0 0 0 1 1 1 1 ]
L = [ 19 6 11 12 8 4 10 14 17 8 13 12 16 17 8 17 17 15 18 13 17 15 18 12 11 15 13 13 7 10 18 10 11 13 15 7 15 19 19 10 11 17 7 13 13 20 8 17 11 13 ]
l = [ 19 6 11 12 8 4 10 14 17 8 13 12 16 17 8 17 17 15 18 13 17 15 18 12 11 15 13 13 7 10 18 10 11 13 15 7 15 19 19 10 11 17 7 13 13 20 8 17 11 13 ]
Pmin = [ 100 33 53 62 42 17 53 85 95 46 67 64 84 89 41 90 95 81 93 72 90 71 95 66 61 77 60 65 40 53 97 50 54 64 85 30 87 100 97 50 59 88 31 69 70 100 41 89 55 76 ]
Pmax = [ 393 97 216 246 137 41 179 320 376 150 270 250 311 358 130 346 371 305 369 260 360 291 395 246 224 313 245 253 126 184 398 177 193 255 320 102 336 420 396 193 217 353 97 259 261 420 147 358 218 281 ]
cf = [ 58.6089 50.7889 20.8184 43.3139 44.7143 16.7044 9.68481 62.3861 38.1766 61.784 26.4254 54.704 8.59306 27.6967 68.85 42.8972 46.725 56.3173 52.2623 20.714 40.8463 22.5275 62.1222 35.5637 56.0986 22.0122 54.1733 16.078 50.7614 13.7656 13.2828 39.3703 57.5545 27.1012 12.6841 32.2688 36.8056 15.3689 24.6549 67.9822 7.15296 44.0803 52.6862 8.74602 64.777 51.5362 44.6432 41.5021 37.8535 26.9055 ]
c0 = [ 250 104 159 167 117 64 151 221 250 130 172 166 212 239 117 244 239 205 246 192 234 186 250 190 176 206 160 174 124 147 248 134 139 169 225 90 237 250 250 148 165 236 105 188 186 250 117 234 150 215 ]
cp = [ 9.19841 37.1157 25.0955 17.6904 33.1237 41.1547 35.0358 21.7922 12.7422 32.5596 29.8782 16.2991 24.9122 13.5938 27.923 28.4004 18.6059 12.7563 10.2757 23.9047 12.529 14.5143 11.087 23.6861 24.9176 15.2518 26.3659 34.0361 32.2592 29.8658 13.8098 24.1571 21.9517 26.0469 20.8304 35.6718 20.7691 8.90132 11.752 30.4877 25.8953 10.271 30.5894 29.2503 20.144 10.5214 32.5841 16.6205 27.5396 14.0537 ]
D = [ 2169 2834 2895 3417 3853 4124 4643 4780 5198 5980 6001 6577 6886 7243 7895 8045 8419 8860 9079 9608 9992 10614 11087 11446 11529 10958 10591 9851 9554 8716 8405 7527 6963 6321 6083 6715 7103 7633 8520 8935 9346 9001 7721 7188 6300 5789 5014 4109 3467 3585 4198 4124 4438 4876 5577 5618 5799 6186 6736 6838 7551 7636 8049 8705 8581 9331 9301 9616 10378 10599 10809 11334 11564 11329 10834 10068 9848 9158 8459 8335 7927 6986 6952 7009 7677 8495 8756 9259 9609 9308 8291 7731 6660 6220 5460 4428 ]
