n = 50 ; 
T = 96 ; 
Init = [ 1 0 0 0 1 1 1 1 0 0 0 0 1 0 1 1 1 1 1 0 0 0 1 1 1 0 0 0 0 0 1 0 0 1 0 1 0 1 1 1 0 1 1 1 0 0 1 1 1 0 ]
L = [ 6 12 13 19 18 12 14 17 5 19 9 19 18 9 8 19 18 19 10 12 17 14 20 10 17 7 6 19 17 9 16 17 4 15 14 5 11 18 16 11 5 11 20 7 15 11 18 16 7 5 ]
l = [ 6 12 13 19 18 12 14 17 5 19 9 19 18 9 8 19 18 19 10 12 17 14 20 10 17 7 6 19 17 9 16 17 4 15 14 5 11 18 16 11 5 11 20 7 15 11 18 16 7 5 ]
Pmin = [ 29 64 63 100 100 61 73 99 21 100 43 100 100 47 38 100 97 100 55 60 91 72 100 48 86 32 31 100 94 46 81 89 25 77 69 23 54 96 91 59 18 48 100 35 85 65 90 82 38 27 ]
Pmax = [ 88 234 261 420 385 233 294 384 66 420 154 405 415 174 136 420 387 401 212 230 377 268 417 171 355 112 108 420 364 179 330 363 59 314 284 53 194 393 357 205 55 189 420 115 331 231 367 338 133 79 ]
cf = [ 67.0208 14.9377 44.0067 8.4221 27.16 69.6037 48.7916 31.0041 47.4836 30.85 64.2906 61.6394 44.5448 68.9083 35.9879 53.9701 19.32 39.1712 17.7459 61.2706 23.6159 46.3028 15.0762 64.3868 31.884 61.5292 47.6771 39.8843 63.335 13.4811 24.3735 60.3558 21.4188 61.3802 61.7779 41.5787 60.9839 40.5695 65.5829 38.4674 64.4195 59.8735 30.1069 38.9643 58.7818 59.0947 22.9344 8.1018 28.266 33.6803 ]
c0 = [ 90 175 171 250 250 167 192 250 78 250 128 250 250 134 103 250 249 250 156 175 243 202 250 130 225 102 87 250 250 132 210 230 72 209 179 71 141 250 244 169 64 132 250 112 230 181 229 207 112 92 ]
cp = [ 35.8676 34.9368 28.3069 10.7178 13.505 15.1873 19.2333 18.6055 39.2332 9.33241 30.9433 11.6772 16.613 36.7097 26.2624 11.8142 12.7904 10.7119 30.0549 27.7483 11.1739 26.2229 9.11145 33.3664 20.1005 31.3812 40.1939 10.7066 17.8 28.9335 12.7345 18.7047 41.9472 20.5143 19.5921 40.7568 36.5719 8.05919 16.5293 28.4033 40.8796 29.1409 8.06651 35.7642 19.876 33.6592 10.7082 12.7603 35.5336 38.5556 ]
D = [ 2390 2968 2955 3726 3980 4075 4420 4969 5260 5417 5969 6095 6926 6795 7641 7735 8332 8626 8991 9145 9601 9969 10343 10677 11210 10313 10083 9673 9006 8755 8090 7902 7358 6840 6552 6876 7583 8254 8771 8898 9886 8677 7685 7226 6046 5029 4308 3369 2553 2804 3533 3722 4187 4435 4916 5059 5601 5823 6380 6849 7227 7582 7715 8239 8584 8834 9304 9835 9973 10349 10580 11095 11631 10895 10304 10102 9620 8931 8394 7669 7375 6682 6291 6759 7641 8030 8785 9323 10078 9026 8184 7469 6916 5837 5275 4180 ]
