n = 50 ; 
T = 96 ; 
Init = [ 1 1 1 0 0 0 1 1 1 1 0 0 0 1 1 0 0 1 0 1 0 1 0 0 1 1 1 0 0 0 0 1 1 1 1 0 1 0 1 0 0 1 0 0 0 1 1 1 0 1 ]
L = [ 15 14 14 16 7 9 8 19 7 14 13 11 17 9 12 9 16 9 5 12 4 6 8 18 19 15 15 5 20 20 10 8 9 14 5 11 20 15 18 12 20 14 14 19 5 20 10 18 6 9 ]
l = [ 15 14 14 16 7 9 8 19 7 14 13 11 17 9 12 9 16 9 5 12 4 6 8 18 19 15 15 5 20 20 10 8 9 14 5 11 20 15 18 12 20 14 14 19 5 20 10 18 6 9 ]
Pmin = [ 78 75 67 81 37 46 36 96 25 79 67 56 91 43 61 51 87 42 27 59 13 29 32 100 100 85 83 20 100 100 57 47 40 71 17 65 100 80 88 54 100 77 76 100 33 100 54 97 35 40 ]
Pmax = [ 318 312 266 328 117 150 141 395 94 313 262 211 368 148 246 194 349 166 66 222 40 94 124 410 420 318 325 53 420 420 197 152 151 286 55 231 420 328 367 216 420 302 291 395 92 420 215 393 105 154 ]
cf = [ 40.8151 10.5169 58.2923 61.2582 44.8823 65.9431 17.5402 64.519 21.9881 59.7792 69.8283 46.1336 27.7319 61.4877 39.7808 48.8264 65.2955 33.1572 56.3837 51.9523 55.2209 37.9812 31.0381 39.3142 50.8932 12.8784 64.6771 38.5603 51.8941 11.4345 8.9871 22.7091 14.9515 60.2794 13.9674 52.8338 56.2226 24.5076 47.3527 8.21062 14.2868 47.181 47.3442 35.0186 38.6687 17.125 13.8451 33.9642 43.2822 63.2288 ]
c0 = [ 214 208 183 222 103 142 115 250 82 214 191 154 238 114 171 146 239 127 91 171 61 87 95 250 250 222 216 65 250 250 156 133 125 202 59 167 250 205 238 149 250 209 209 250 107 250 159 250 97 117 ]
cp = [ 17.6628 24.1119 16.542 18.8242 37.7136 28.2673 29.7371 9.9789 33.4126 23.9203 15.3213 29.5869 14.9428 31.4768 27.744 22.2784 24.7419 34.661 36.1903 36.4722 41.8252 39.5154 36.94 12.6022 8.74222 12.8305 28.5057 37.392 8.76509 8.7365 23.3463 37.5426 36.3424 25.1716 40.086 36.0637 8.5233 16.1647 15.9835 26.3248 8.29009 18.9612 15.393 9.71062 40.6821 8.33416 25.1942 14.1839 32.7793 31.9804 ]
D = [ 1175 1829 2299 2604 2878 3521 3808 4187 4770 4921 5428 5827 6004 6751 6841 7202 7512 8337 8699 8915 9286 9482 10155 10680 10948 10399 9669 9622 9094 8431 8062 7643 6756 6461 5952 6514 7073 7544 8089 8835 9544 8783 7631 7186 6293 5319 4355 3859 3113 3365 3698 3941 4442 4742 4954 5289 5717 6006 6433 6580 6857 7253 7848 8003 8352 8618 9371 9783 9723 10373 10717 10989 11499 10777 10415 9839 9265 8675 7725 7577 6888 6401 5662 6162 6664 7307 7790 7885 8466 7829 7007 6318 5726 5148 4261 3666 ]
