n = 50 ; 
T = 96 ; 
Init = [ 0 0 1 0 1 0 0 0 0 0 0 0 1 0 1 1 1 0 1 0 0 1 1 0 1 1 0 1 1 1 0 0 1 0 0 0 0 0 0 0 0 1 0 1 1 1 0 0 0 1 ]
L = [ 16 16 16 16 16 14 14 14 14 14 14 14 7 7 7 7 7 7 7 7 14 14 17 17 10 18 18 6 13 13 13 13 13 19 19 19 19 19 9 9 9 9 9 13 9 9 9 9 19 19 ]
l = [ 16 16 16 16 16 14 14 14 14 14 14 14 7 7 7 7 7 7 7 7 14 14 17 17 10 18 18 6 13 13 13 13 13 19 19 19 19 19 9 9 9 9 9 13 9 9 9 9 19 19 ]
Pmin = [ 92 92 92 92 92 75 75 75 75 75 82 82 39 39 39 39 39 33 33 33 76 76 97 97 54 100 100 31 69 69 69 69 69 100 100 100 100 100 49 49 49 49 49 62 49 49 49 49 100 100 ]
Pmax = [ 371 371 371 371 371 296 296 296 296 296 310 310 124 124 124 124 124 122 122 122 304 304 371 371 194 415 415 107 261 261 261 261 261 402 402 402 402 402 173 173 173 173 173 250 179 179 179 179 403 403 ]
cf = [ 9.27237 9.27237 9.27237 9.27237 9.27237 62.2113 62.2113 62.2113 62.2113 62.2113 62.3083 62.3083 27.0381 27.0381 27.0381 27.0381 27.0381 20.8972 20.8972 20.8972 21.6435 21.6435 45.9566 45.9566 40.4977 54.9927 54.9927 45.2725 57.2021 57.2021 57.2021 57.2021 57.2021 24.6691 24.6691 24.6691 24.6691 24.6691 14.9945 14.9945 14.9945 14.9945 14.9945 38.2564 39.3527 39.3527 39.3527 39.3527 31.0484 31.0484 ]
c0 = [ 244 244 244 244 244 200 200 200 200 200 223 223 121 121 121 121 121 99 99 99 211 211 250 250 161 250 250 99 197 197 197 197 197 250 250 250 250 250 136 136 136 136 136 170 142 142 142 142 250 250 ]
cp = [ 17.4833 17.4833 17.4833 17.4833 17.4833 21.1429 21.1429 21.1429 21.1429 21.1429 18.4735 18.4735 39.6182 39.6182 39.6182 39.6182 39.6182 33.5918 33.5918 33.5918 22.6575 22.6575 19.0802 19.0802 26.2818 8.91757 8.91757 37.2098 23.7662 23.7662 23.7662 23.7662 23.7662 10.4784 10.4784 10.4784 10.4784 10.4784 29.7488 29.7488 29.7488 29.7488 29.7488 29.3348 29.8692 29.8692 29.8692 29.8692 10.4172 10.4172 ]
D = [ 1769 2140 2729 2764 3293 3947 4211 4465 5102 5076 5801 5853 6579 6940 7398 7441 7876 8319 8967 9395 9497 10240 10594 11010 11287 10910 10057 9784 9095 8608 8179 7833 7325 6573 5870 6678 7370 8237 8906 9324 10289 9224 8270 7502 6405 6033 4916 3860 3331 3452 4054 4354 4648 4966 5085 5401 5797 6596 6911 7063 7150 7599 8288 8567 9012 8927 9499 9754 10108 10787 10821 11161 11598 11080 10567 10129 9465 9215 8623 7775 7292 6948 6046 6543 7202 7624 8083 8784 9134 8886 8200 7097 6426 6075 5416 4318 ]
