n = 10 ; 
T = 96 ; 
Init = [ 0 0 0 1 1 0 0 0 0 1 ]
L = [ 7 4 12 12 17 17 20 18 15 18 ]
l = [ 7 4 12 12 17 17 20 18 15 18 ]
Pmin = [ 66 43 132 131 194 202 210 210 174 210 ]
Pmax = [ 106 67 240 231 383 364 420 406 316 407 ]
cf = [ 64.6904 53.301 56.0953 50.0179 67.9236 47.6058 62.8782 21.825 28.87 15.6275 ]
c0 = [ 99 74 172 171 250 250 250 250 223 250 ]
cp = [ 39.5339 38.2586 31.5401 26.1936 13.0164 16.4635 8.07112 9.71778 26.2147 10.9131 ]
D = [ 499 547 637 722 751 813 879 1012 1073 1139 1235 1255 1361 1492 1537 1570 1707 1734 1772 1899 1954 2061 2112 2202 2218 2181 2079 1939 1863 1849 1735 1657 1516 1417 1350 1460 1545 1665 1733 1804 1915 1841 1592 1470 1352 1174 1011 854 693 694 798 855 947 1004 1079 1149 1185 1275 1297 1428 1443 1574 1585 1718 1714 1794 1834 1917 2011 2091 2117 2194 2273 2239 2087 1962 1886 1751 1720 1577 1476 1381 1328 1446 1534 1582 1703 1759 1930 1748 1608 1368 1248 1052 877 785 ]
