n = 10 ; 
T = 96 ; 
Init = [ 1 0 1 1 0 1 1 0 0 0 ]
L = [ 5 19 13 11 19 7 11 17 15 8 ]
l = [ 5 19 13 11 19 7 11 17 15 8 ]
Pmin = [ 58 210 147 118 201 84 126 189 170 71 ]
Pmax = [ 78 420 264 229 401 130 226 357 309 123 ]
cf = [ 49.8576 12.5114 54.7673 17.8106 54.9423 63.5034 15.3168 25.8066 33.5365 24.5141 ]
c0 = [ 86 250 190 152 250 119 172 241 209 117 ]
cp = [ 36.7269 9.19541 14.7035 28.3312 9.84067 37.1811 35.3053 14.0137 19.4802 39.1635 ]
D = [ 289 376 434 524 547 665 726 791 809 930 961 1030 1093 1124 1234 1275 1373 1433 1446 1579 1604 1713 1696 1821 1856 1766 1684 1642 1516 1464 1358 1271 1241 1129 1068 1172 1204 1314 1419 1491 1572 1516 1379 1246 1072 981 910 770 645 663 733 748 852 877 933 982 1067 1118 1134 1190 1262 1289 1370 1460 1500 1559 1554 1659 1703 1771 1824 1898 1932 1821 1693 1667 1521 1467 1400 1309 1220 1084 1040 1089 1182 1229 1357 1398 1526 1418 1262 1125 1075 946 760 697 ]
