n = 10 ; 
T = 96 ; 
Init = [ 0 1 1 0 0 0 0 1 1 1 ]
L = [ 18 5 13 10 5 12 4 17 11 5 ]
l = [ 18 5 13 10 5 12 4 17 11 5 ]
Pmin = [ 210 40 147 112 32 126 33 183 121 42 ]
Pmax = [ 416 63 258 202 60 240 33 355 210 50 ]
cf = [ 13.4447 9.52268 15.8481 36.088 8.92873 52.5785 68.3919 19.3129 68.4728 20.572 ]
c0 = [ 250 81 182 149 55 172 73 231 154 87 ]
cp = [ 9.48095 37.3162 17.7832 19.3273 40.5789 30.3279 41.8205 11.6872 20.444 35.792 ]
D = [ 232 271 285 325 395 471 481 520 552 633 658 725 758 823 864 892 964 1002 1036 1069 1140 1156 1203 1228 1290 1250 1190 1160 1064 1044 945 942 857 785 719 823 831 895 935 988 1030 974 914 809 714 650 586 460 419 415 447 505 555 554 630 656 671 741 738 794 854 904 917 931 969 1042 1046 1112 1148 1189 1184 1239 1299 1218 1193 1111 1090 985 941 924 836 787 732 839 877 926 1022 1096 1178 1067 994 873 775 677 592 496 ]
