n = 10 ; 
T = 96 ; 
Init = [ 0 0 1 1 1 1 1 0 1 0 ]
L = [ 4 7 5 14 19 18 5 5 15 17 ]
l = [ 4 7 5 14 19 18 5 5 15 17 ]
Pmin = [ 41 56 36 147 210 210 36 44 177 194 ]
Pmax = [ 59 103 71 271 420 415 69 74 328 354 ]
cf = [ 19.4137 29.5007 22.786 51.5907 30.7532 8.35973 39.6073 60.1453 47.8685 33.4256 ]
c0 = [ 86 81 74 183 250 250 72 86 227 250 ]
cp = [ 41.7254 36.0429 31.1998 13.4662 9.59682 15.18 34.9326 32.6701 15.3154 11.5449 ]
D = [ 357 368 477 477 577 630 640 743 774 812 884 932 1019 1037 1138 1176 1214 1257 1357 1358 1447 1453 1558 1600 1662 1546 1490 1438 1348 1246 1184 1089 1014 936 856 923 1011 1122 1168 1302 1397 1260 1118 1046 942 777 687 567 451 523 526 595 623 654 713 789 838 884 895 947 993 1055 1108 1109 1201 1231 1242 1310 1381 1362 1440 1460 1535 1497 1412 1308 1279 1235 1152 1043 1027 972 887 923 993 1131 1199 1273 1343 1197 1099 989 862 772 688 608 ]
