n = 10 ; 
T = 96 ; 
Init = [ 1 1 1 1 0 0 0 0 1 0 ]
L = [ 19 10 11 13 18 8 11 13 6 14 ]
l = [ 19 10 11 13 18 8 11 13 6 14 ]
Pmin = [ 210 96 124 145 197 70 116 154 59 147 ]
Pmax = [ 420 173 226 282 389 131 224 289 85 290 ]
cf = [ 47.977 66.662 55.9581 13.8414 61.1461 21.1563 28.412 43.1935 8.64291 7.06169 ]
c0 = [ 250 127 159 185 235 117 155 203 84 195 ]
cp = [ 11.9321 24.2472 30.9649 16.9938 13.8932 37.6562 28.4215 25.4259 40.0823 29.95 ]
D = [ 264 288 386 432 566 604 671 786 830 904 997 1039 1061 1176 1249 1328 1357 1455 1520 1577 1654 1749 1816 1912 1962 1871 1750 1701 1572 1479 1459 1366 1226 1151 1117 1191 1234 1264 1383 1400 1517 1387 1271 1152 985 871 761 636 513 556 624 653 742 762 831 911 996 1055 1081 1091 1201 1235 1306 1381 1385 1490 1532 1613 1641 1686 1721 1758 1816 1789 1637 1560 1517 1408 1363 1216 1178 1061 972 1075 1198 1313 1441 1510 1629 1492 1365 1221 1146 951 826 699 ]
