n = 10 ; 
T = 96 ; 
Init = [ 1 1 0 1 1 1 0 1 0 1 ]
L = [ 19 14 9 19 20 11 18 14 9 19 ]
l = [ 19 14 9 19 20 11 18 14 9 19 ]
Pmin = [ 210 156 86 210 210 124 210 155 93 210 ]
Pmax = [ 420 273 171 411 416 223 392 285 176 409 ]
cf = [ 24.9936 18.518 65.5807 55.8788 31.5035 13.8349 18.9152 52.5537 47.3392 64.028 ]
c0 = [ 250 204 117 250 250 172 250 201 131 250 ]
cp = [ 8.31638 33.9475 34.7767 9.08795 8.82116 27.43 14.0105 23.7784 28.4151 11.7855 ]
D = [ 382 470 539 600 646 729 857 976 1005 1144 1217 1237 1342 1423 1543 1684 1713 1821 1935 1946 2013 2205 2226 2351 2424 2281 2250 2134 1945 1846 1812 1609 1512 1460 1342 1455 1650 1823 1968 2107 2223 2036 1899 1715 1522 1308 1179 929 816 886 898 934 1079 1082 1146 1300 1265 1343 1397 1527 1594 1617 1689 1787 1812 1880 1950 2074 2071 2134 2241 2311 2311 2295 2191 2105 1941 1913 1787 1739 1606 1536 1460 1508 1699 1722 1859 1950 2097 1921 1775 1513 1406 1157 1037 779 ]
