n = 10 ; 
T = 96 ; 
Init = [ 0 1 0 1 1 0 1 1 1 1 ]
L = [ 17 9 13 15 18 12 15 14 16 13 ]
l = [ 17 9 13 15 18 12 15 14 16 13 ]
Pmin = [ 186 94 150 174 195 120 188 154 192 146 ]
Pmax = [ 359 178 281 314 388 239 341 278 352 265 ]
cf = [ 27.78 7.66324 66.6226 9.13865 54.0967 48.9936 46.6003 45.4512 56.5922 31.4861 ]
c0 = [ 239 138 206 227 250 164 237 196 248 181 ]
cp = [ 19.0507 33.7988 28.5265 21.3379 17.1135 24.2443 20.9358 20.6552 20.271 29.2639 ]
D = [ 337 430 533 570 673 758 800 905 1017 1140 1159 1236 1348 1459 1577 1615 1754 1839 1870 2018 2073 2095 2239 2293 2438 2234 2171 2105 1952 1794 1758 1573 1525 1402 1271 1390 1521 1705 1842 1998 2113 1868 1698 1524 1407 1165 1046 876 659 805 870 873 967 1082 1152 1204 1293 1295 1414 1495 1586 1581 1652 1787 1778 1866 1976 2002 2095 2206 2290 2317 2380 2281 2155 2029 1894 1771 1685 1571 1418 1326 1248 1338 1404 1544 1615 1699 1874 1746 1593 1436 1232 1080 986 806 ]
