n = 10 ; 
T = 96 ; 
Init = [ 1 0 1 1 0 1 0 0 0 0 ]
L = [ 6 19 19 20 5 10 15 7 8 9 ]
l = [ 6 19 19 20 5 10 15 7 8 9 ]
Pmin = [ 47 204 206 210 49 120 166 76 71 96 ]
Pmax = [ 81 404 409 420 61 207 318 128 132 163 ]
cf = [ 54.1861 54.1088 13.136 18.2078 7.18341 19.0447 18.1532 61.1369 64.3388 56.0811 ]
c0 = [ 75 250 250 250 75 161 215 119 105 145 ]
cp = [ 32.7032 11.7156 9.73006 8.63283 33.2273 34.4192 11.8167 32.6609 36.8827 37.7112 ]
D = [ 297 323 392 448 522 552 641 666 778 838 855 918 990 1091 1126 1162 1252 1287 1350 1445 1467 1544 1563 1636 1718 1663 1572 1501 1417 1297 1274 1164 1087 996 959 970 1077 1143 1196 1278 1345 1258 1169 1075 953 838 721 628 525 583 654 650 696 775 842 848 906 943 1027 1073 1076 1174 1179 1252 1256 1346 1338 1432 1457 1533 1530 1618 1601 1569 1505 1438 1373 1309 1246 1184 1056 1019 983 991 1125 1170 1215 1286 1398 1217 1101 983 855 773 607 513 ]
