n = 10 ; 
T = 96 ; 
Init = [ 0 1 0 1 1 1 0 0 0 1 ]
L = [ 19 19 18 11 16 14 9 5 12 18 ]
l = [ 19 19 18 11 16 14 9 5 12 18 ]
Pmin = [ 208 210 198 125 183 139 77 55 128 210 ]
Pmax = [ 394 420 391 229 347 267 149 72 225 397 ]
cf = [ 43.2326 21.6423 28.0373 30.5479 60.6299 69.9849 32.2988 62.57 43.0533 50.6786 ]
c0 = [ 250 250 250 169 236 173 110 98 164 250 ]
cp = [ 10.1067 8.14215 9.58535 19.3944 15.5548 22.8523 37.464 38.3548 33.5206 13.2724 ]
D = [ 305 430 513 537 640 738 803 847 965 996 1153 1210 1262 1369 1466 1531 1562 1626 1700 1834 1945 1935 2010 2169 2227 2132 1974 1926 1794 1708 1580 1507 1369 1245 1217 1326 1443 1526 1699 1757 1891 1773 1539 1476 1287 1172 995 858 674 770 791 826 868 945 1050 1110 1162 1199 1225 1355 1369 1483 1513 1590 1660 1728 1722 1825 1910 1894 1959 2081 2139 1977 1978 1865 1773 1730 1599 1473 1467 1397 1246 1416 1457 1645 1716 1849 1915 1775 1603 1446 1263 1061 922 750 ]
