n = 10 ; 
T = 96 ; 
Init = [ 1 0 0 1 1 1 1 1 0 0 ]
L = [ 19 18 7 4 19 18 17 8 6 10 ]
l = [ 19 18 7 4 19 18 17 8 6 10 ]
Pmin = [ 210 208 52 31 210 197 196 69 59 100 ]
Pmax = [ 420 405 92 59 410 387 365 134 105 187 ]
cf = [ 55.2331 33.6803 60.8898 63.0552 31.559 66.1041 15.3043 9.92182 41.9822 63.8775 ]
c0 = [ 250 250 77 57 250 250 241 111 99 149 ]
cp = [ 14.1099 9.23052 33.1852 41.9926 8.6605 11.8254 12.085 34.9766 37.2868 33.2568 ]
D = [ 328 387 407 458 539 642 714 782 854 935 979 1051 1086 1167 1233 1376 1442 1479 1573 1643 1723 1778 1864 1936 1949 1905 1771 1720 1565 1559 1414 1377 1275 1166 1109 1201 1221 1350 1440 1548 1602 1513 1301 1168 1006 876 730 649 481 538 552 653 752 805 841 937 935 1024 1108 1173 1209 1293 1371 1443 1438 1531 1565 1616 1728 1774 1807 1934 1978 1832 1783 1691 1609 1467 1383 1295 1233 1101 966 1145 1206 1336 1463 1546 1702 1522 1365 1252 1093 951 849 708 ]
