n = 10 ; 
T = 96 ; 
Init = [ 0 0 1 1 1 0 0 0 0 0 ]
L = [ 14 20 13 6 19 20 4 13 9 17 ]
l = [ 14 20 13 6 19 20 4 13 9 17 ]
Pmin = [ 140 210 162 58 210 210 25 139 87 188 ]
Pmax = [ 280 420 290 96 406 420 47 274 167 344 ]
cf = [ 26.7266 7.34798 25.1119 19.8405 46.858 40.6691 8.94479 10.6089 36.1225 39.5967 ]
c0 = [ 178 250 217 95 250 250 65 183 126 238 ]
cp = [ 23.9216 8.811 19.0985 27.0684 12.0084 11.0022 38.2388 20.4443 24.7908 16.8308 ]
D = [ 267 336 367 519 595 686 688 795 921 981 1035 1171 1209 1323 1370 1501 1501 1612 1677 1763 1820 1968 2008 2068 2161 2114 1950 1897 1779 1633 1588 1443 1378 1283 1116 1265 1400 1466 1642 1728 1866 1746 1526 1351 1264 1103 978 811 620 656 712 776 843 948 997 1021 1091 1097 1158 1237 1271 1365 1462 1445 1507 1574 1673 1675 1768 1845 1913 1906 2012 1921 1792 1766 1667 1536 1497 1348 1290 1250 1107 1269 1393 1451 1580 1718 1817 1659 1527 1312 1191 1006 810 695 ]
