n = 10 ; 
T = 96 ; 
Init = [ 1 0 0 0 0 0 1 1 1 1 ]
L = [ 18 16 12 19 18 19 18 6 6 15 ]
l = [ 18 16 12 19 18 19 18 6 6 15 ]
Pmin = [ 210 196 127 210 196 210 208 46 67 170 ]
Pmax = [ 384 355 253 407 387 415 379 62 100 302 ]
cf = [ 40.2003 62.4596 15.6346 38.0509 65.4352 58.0959 57.2553 32.1385 64.4407 39.9174 ]
c0 = [ 250 236 168 250 250 250 250 80 99 219 ]
cp = [ 20.0437 16.7538 27.759 11.4304 8.41879 8.44458 15.9074 34.449 32.777 27.0864 ]
D = [ 420 512 604 640 748 847 912 1007 1031 1144 1249 1354 1414 1447 1523 1618 1751 1865 1881 1946 2105 2109 2279 2291 2454 2291 2228 2130 2027 1881 1795 1669 1532 1455 1387 1490 1644 1668 1784 1878 2038 1889 1719 1464 1371 1194 950 803 625 729 772 882 922 969 1079 1182 1246 1334 1402 1387 1511 1570 1598 1739 1802 1813 1897 1987 2107 2112 2178 2296 2339 2255 2118 2058 1880 1848 1679 1597 1494 1402 1253 1439 1539 1645 1757 1849 1972 1808 1647 1444 1268 1168 930 851 ]
