n = 10 ; 
T = 96 ; 
Init = [ 1 0 0 0 0 0 1 1 0 0 ]
L = [ 5 16 17 9 16 18 14 19 15 14 ]
l = [ 5 16 17 9 16 18 14 19 15 14 ]
Pmin = [ 36 189 195 102 192 205 165 210 162 159 ]
Pmax = [ 54 351 361 169 357 396 306 403 317 295 ]
cf = [ 16.0922 20.2801 37.0096 47.8186 8.75366 32.6993 33.5046 57.1104 44.9359 69.4284 ]
c0 = [ 69 232 250 146 250 248 212 250 200 210 ]
cp = [ 41.282 23.4202 14.5362 36.0233 16.7198 9.93078 18.6761 13.5294 23.4993 13.791 ]
D = [ 399 509 576 615 762 768 901 916 997 1099 1249 1249 1385 1451 1500 1591 1701 1757 1875 1899 1995 2049 2178 2209 2347 2228 2031 1925 1874 1744 1702 1589 1491 1333 1181 1397 1517 1666 1819 1941 2113 1925 1762 1577 1376 1184 1012 843 704 802 840 893 1006 1044 1153 1138 1241 1344 1337 1493 1550 1622 1654 1720 1806 1820 1920 1987 2010 2096 2237 2239 2323 2186 2073 2022 1936 1797 1656 1568 1458 1391 1290 1347 1477 1644 1722 1887 1985 1814 1685 1493 1325 1160 967 817 ]
