n = 10 ; 
T = 96 ; 
Init = [ 1 1 0 0 1 1 1 0 1 0 ]
L = [ 20 16 13 17 8 11 18 8 8 8 ]
l = [ 20 16 13 17 8 11 18 8 8 8 ]
Pmin = [ 210 172 149 201 86 123 207 72 80 78 ]
Pmax = [ 420 336 265 367 153 208 405 124 142 154 ]
cf = [ 68.3909 12.8527 61.2226 49.7731 31.0986 35.6508 10.9077 23.4006 56.1716 64.3726 ]
c0 = [ 250 212 203 250 128 172 250 119 113 110 ]
cp = [ 8.21907 17.9059 16.6931 8.72475 34.7779 29.9481 12.5025 35.0075 26.1114 34.8108 ]
D = [ 402 470 554 556 620 757 799 830 947 955 1085 1128 1186 1280 1348 1401 1476 1553 1587 1645 1698 1737 1848 1918 2002 1886 1795 1719 1636 1507 1425 1341 1300 1236 1088 1220 1316 1406 1503 1563 1595 1522 1322 1197 1066 868 730 607 465 477 594 603 698 739 837 889 935 1036 1048 1117 1157 1213 1288 1416 1396 1529 1514 1654 1649 1743 1812 1843 1947 1814 1751 1691 1575 1547 1437 1385 1308 1168 1149 1196 1298 1407 1531 1618 1680 1503 1344 1219 1037 893 749 571 ]
