n = 10 ; 
T = 96 ; 
Init = [ 1 0 0 0 1 0 1 0 0 0 ]
L = [ 7 7 18 14 15 13 10 19 9 10 ]
l = [ 7 7 18 14 15 13 10 19 9 10 ]
Pmin = [ 68 71 206 158 162 153 105 210 80 110 ]
Pmax = [ 132 120 404 283 320 285 184 414 149 213 ]
cf = [ 35.6598 61.4832 66.3541 7.96473 16.2695 46.525 60.0873 33.598 7.62302 8.42391 ]
c0 = [ 105 99 250 208 200 196 136 250 112 152 ]
cp = [ 29.9683 30.2472 14.4472 21.4889 16.5473 21.9945 36.7643 9.95262 31.9481 23.4919 ]
D = [ 283 299 410 473 524 626 634 733 781 893 946 1015 1099 1154 1236 1264 1310 1426 1460 1513 1640 1715 1785 1793 1917 1832 1707 1659 1529 1400 1385 1233 1136 1081 1008 1095 1189 1340 1457 1533 1645 1499 1410 1206 1131 974 813 635 496 580 645 735 783 804 855 945 956 1028 1026 1155 1159 1218 1247 1293 1359 1437 1485 1545 1591 1658 1699 1727 1773 1733 1664 1614 1519 1458 1362 1300 1186 1184 1077 1201 1244 1294 1456 1541 1609 1484 1330 1202 999 905 686 580 ]
