n = 10 ; 
T = 96 ; 
Init = [ 1 0 0 1 1 0 0 0 1 1 ]
L = [ 10 13 13 15 8 12 10 20 13 19 ]
l = [ 10 13 13 15 8 12 10 20 13 19 ]
Pmin = [ 87 142 136 189 73 140 103 210 139 210 ]
Pmax = [ 160 266 256 341 132 255 200 420 268 406 ]
cf = [ 44.9064 20.7032 40.0931 12.2706 17.5816 45.9995 51.4092 12.0234 10.3935 42.7167 ]
c0 = [ 133 190 172 242 118 189 140 250 176 250 ]
cp = [ 26.6479 26.9 24.5627 13.2276 33.3238 18.9543 29.7108 8.70655 17.5756 9.76157 ]
D = [ 246 302 413 527 549 618 735 741 858 931 1046 1060 1184 1211 1304 1404 1491 1550 1586 1725 1790 1868 1923 2023 2098 1941 1833 1765 1664 1601 1518 1418 1335 1196 1135 1184 1316 1390 1462 1544 1707 1484 1352 1229 1050 936 745 578 476 483 562 680 674 778 798 912 935 1039 1074 1142 1187 1270 1378 1405 1468 1566 1573 1658 1684 1810 1868 1932 1928 1917 1764 1720 1666 1526 1498 1381 1277 1174 1113 1202 1313 1380 1522 1593 1701 1512 1377 1257 1179 1090 933 766 ]
