n = 10 ; 
T = 96 ; 
Init = [ 0 0 0 0 1 1 1 0 1 0 ]
L = [ 14 18 19 12 6 19 6 7 18 14 ]
l = [ 14 18 19 12 6 19 6 7 18 14 ]
Pmin = [ 135 209 210 123 70 206 51 61 209 141 ]
Pmax = [ 260 378 409 243 104 409 73 106 395 267 ]
cf = [ 32.318 12.9064 20.5453 57.1386 45.2698 57.8245 27.3722 57.6998 62.543 62.1494 ]
c0 = [ 175 250 250 158 97 250 80 107 250 176 ]
cp = [ 17.7147 14.3756 9.51679 18.527 38.6422 9.40852 38.9812 37.4346 11.4655 18.6087 ]
D = [ 446 478 588 587 724 727 815 841 911 1022 1039 1147 1237 1227 1344 1349 1457 1547 1562 1633 1705 1739 1856 1882 2012 1883 1755 1660 1598 1512 1406 1305 1275 1126 1048 1184 1244 1372 1468 1534 1619 1455 1351 1248 1100 1048 886 781 653 681 769 771 851 934 966 1050 1029 1140 1196 1206 1330 1340 1409 1480 1496 1539 1604 1668 1728 1812 1849 1889 1932 1854 1766 1677 1621 1546 1425 1356 1343 1256 1135 1236 1355 1477 1519 1653 1743 1616 1445 1255 1085 928 756 637 ]
