n = 10 ; 
T = 96 ; 
Init = [ 1 1 1 1 0 1 1 1 0 0 ]
L = [ 9 19 13 7 18 9 13 18 17 5 ]
l = [ 9 19 13 7 18 9 13 18 17 5 ]
Pmin = [ 86 210 146 67 210 96 145 197 178 24 ]
Pmax = [ 171 390 253 129 416 191 268 385 334 37 ]
cf = [ 45.2738 52.575 11.8468 67.9926 44.1882 7.68327 63.3174 35.1946 42.6458 65.1646 ]
c0 = [ 116 250 192 106 250 146 190 249 233 67 ]
cp = [ 33.6239 8.70527 12.6194 32.8075 13.9297 29.3125 26.8415 17.393 20.0786 41.4149 ]
D = [ 297 392 437 521 556 664 732 772 829 902 973 1026 1146 1224 1300 1345 1392 1478 1553 1591 1645 1756 1784 1885 1921 1828 1739 1717 1560 1527 1436 1324 1230 1204 1108 1163 1272 1356 1470 1568 1658 1550 1407 1238 1140 1007 901 784 623 711 724 800 800 874 966 1016 1085 1062 1191 1232 1285 1286 1341 1383 1489 1547 1584 1626 1672 1757 1832 1875 1898 1850 1773 1693 1542 1467 1378 1344 1217 1174 1077 1144 1198 1301 1365 1434 1547 1387 1318 1132 1006 852 740 667 ]
