n = 10 ; 
T = 96 ; 
Init = [ 1 1 0 0 1 1 0 1 1 1 ]
L = [ 17 18 14 15 17 13 6 19 20 8 ]
l = [ 17 18 14 15 17 13 6 19 20 8 ]
Pmin = [ 180 190 149 164 198 137 65 210 210 71 ]
Pmax = [ 359 375 284 320 363 271 106 418 420 115 ]
cf = [ 7.98469 66.6947 29.0592 11.3106 52.2982 7.42431 37.121 38.3961 52.0666 65.6529 ]
c0 = [ 221 241 189 214 250 189 106 250 250 98 ]
cp = [ 14.7328 12.4352 17.6302 15.1584 11.4553 19.9987 38.8278 14.0154 8.1409 38.6218 ]
D = [ 445 442 582 685 782 802 960 994 1089 1178 1221 1328 1407 1482 1629 1669 1740 1880 1962 2003 2107 2219 2310 2415 2445 2362 2232 2086 2032 1889 1748 1684 1557 1470 1319 1438 1623 1674 1845 1937 2095 1909 1706 1542 1346 1100 891 680 483 600 732 779 877 870 974 1041 1108 1260 1311 1402 1410 1561 1611 1653 1748 1871 1845 1947 2061 2169 2163 2224 2317 2223 2113 2012 1961 1871 1777 1669 1516 1479 1342 1516 1594 1686 1746 1920 1984 1850 1661 1489 1325 1110 904 760 ]
