n = 10 ; 
T = 96 ; 
Init = [ 0 1 1 0 1 0 1 1 0 1 ]
L = [ 19 10 7 11 16 19 13 5 7 10 ]
l = [ 19 10 7 11 16 19 13 5 7 10 ]
Pmin = [ 210 107 56 102 192 210 153 36 67 106 ]
Pmax = [ 418 213 109 203 348 410 276 48 113 207 ]
cf = [ 60.4908 34.3666 28.5438 17.5822 46.231 69.5089 53.8791 27.46 19.0443 66.2538 ]
c0 = [ 250 152 97 148 238 250 209 68 95 147 ]
cp = [ 9.96818 34.6619 33.7514 31.4265 12.5095 8.66739 19.6212 39.9779 38.4453 24.0057 ]
D = [ 261 312 387 411 459 504 608 694 741 769 824 922 949 1043 1113 1170 1214 1252 1302 1410 1483 1484 1573 1614 1682 1612 1535 1458 1379 1325 1239 1138 1075 1002 942 1020 1085 1146 1249 1300 1405 1248 1158 1052 1004 847 814 672 594 632 683 694 733 784 870 932 975 1037 1037 1083 1164 1164 1199 1263 1367 1376 1391 1438 1535 1545 1645 1686 1686 1619 1532 1463 1401 1325 1253 1146 1061 993 927 993 1089 1143 1224 1315 1386 1292 1179 1078 937 812 651 567 ]
