n = 10 ; 
T = 96 ; 
Init = [ 0 1 0 1 1 0 1 1 1 0 ]
L = [ 6 5 10 12 14 16 6 18 15 8 ]
l = [ 6 5 10 12 14 16 6 18 15 8 ]
Pmin = [ 59 54 120 118 155 198 54 210 188 93 ]
Pmax = [ 93 76 208 236 276 357 96 382 345 164 ]
cf = [ 48.674 50.1111 7.85404 32.4773 7.83204 36.017 32.0115 36.6512 55.0648 31.663 ]
c0 = [ 88 86 157 171 190 244 99 250 247 123 ]
cp = [ 39.4 41.3073 25.1453 31.9479 19.9803 16.1567 34.507 21.3688 16.5085 30.9562 ]
D = [ 207 269 371 444 498 508 555 622 697 725 793 892 887 957 1056 1060 1175 1202 1231 1300 1372 1434 1499 1577 1586 1498 1445 1409 1305 1249 1159 1100 1050 1006 890 982 1036 1130 1231 1304 1369 1284 1130 1009 864 752 653 492 370 438 516 531 614 650 703 726 814 877 918 957 1046 1102 1119 1152 1233 1247 1342 1387 1441 1463 1557 1621 1665 1599 1524 1442 1350 1270 1262 1152 1089 1033 960 990 1055 1119 1194 1296 1371 1254 1161 1019 908 780 693 537 ]
