n = 10 ; 
T = 96 ; 
Init = [ 0 0 1 0 0 0 0 0 0 1 ]
L = [ 19 17 20 15 5 6 6 7 20 7 ]
l = [ 19 17 20 15 5 6 6 7 20 7 ]
Pmin = [ 210 188 210 173 62 61 50 52 210 79 ]
Pmax = [ 405 360 420 317 87 117 68 92 416 118 ]
cf = [ 60.0703 17.7872 42.2218 22.4952 51.4264 40.1229 19.2994 59.3838 41.1125 19.9922 ]
c0 = [ 250 227 250 221 99 108 88 78 250 127 ]
cp = [ 9.46827 10.9312 8.83901 22.5546 41.0126 33.1133 28.5239 38.04 9.53102 35.9255 ]
D = [ 314 342 446 532 561 640 681 761 795 918 998 988 1085 1120 1251 1278 1382 1380 1518 1517 1631 1675 1728 1813 1834 1780 1656 1553 1467 1370 1331 1227 1094 1015 933 1037 1166 1255 1295 1472 1540 1447 1319 1191 988 926 760 675 506 549 651 712 724 817 806 895 963 1022 1072 1075 1146 1200 1310 1290 1363 1470 1496 1524 1631 1657 1688 1783 1849 1706 1661 1544 1458 1381 1277 1236 1148 1091 978 1029 1192 1273 1360 1457 1543 1387 1272 1136 979 842 711 572 ]
