n = 10 ; 
T = 96 ; 
Init = [ 0 1 1 0 0 1 1 0 1 0 ]
L = [ 7 16 11 11 12 12 15 5 19 9 ]
l = [ 7 16 11 11 12 12 15 5 19 9 ]
Pmin = [ 73 173 136 106 132 119 161 36 208 87 ]
Pmax = [ 114 346 237 200 226 221 310 47 412 144 ]
cf = [ 46.7017 9.52578 52.1967 44.644 13.3392 61.1329 51.0457 42.3563 7.37818 67.7278 ]
c0 = [ 105 224 172 149 179 167 215 80 250 132 ]
cp = [ 36.2249 24.189 32.6586 24.8891 19.8905 20.155 27.7164 39.6556 8.46659 30.5417 ]
D = [ 340 399 418 483 503 569 673 724 751 813 870 904 971 1036 1095 1125 1253 1268 1348 1393 1445 1508 1541 1583 1678 1581 1547 1450 1364 1300 1245 1145 1083 1064 972 1004 1052 1139 1165 1256 1348 1220 1133 1006 959 800 720 671 566 567 626 662 774 808 829 874 925 990 1045 1075 1120 1221 1239 1311 1379 1428 1459 1494 1552 1625 1636 1705 1720 1650 1560 1488 1453 1328 1300 1203 1102 1083 972 1081 1121 1202 1232 1346 1370 1289 1193 1023 919 791 716 556 ]
