n = 10 ; 
T = 96 ; 
Init = [ 1 1 1 1 1 0 1 1 0 0 ]
L = [ 15 9 11 6 5 5 20 6 14 6 ]
l = [ 15 9 11 6 5 5 20 6 14 6 ]
Pmin = [ 164 84 109 67 36 40 210 61 160 57 ]
Pmax = [ 318 167 213 105 65 61 419 84 296 92 ]
cf = [ 40.458 53.7334 34.1679 9.57731 34.3727 18.3464 52.1092 38.4232 58.8003 41.3601 ]
c0 = [ 214 117 157 105 70 82 250 96 196 94 ]
cp = [ 14.7881 34.4224 34.0925 38.2868 40.114 39.6003 8.58331 37.7844 21.6891 38.8137 ]
D = [ 289 314 351 401 406 440 499 536 603 648 680 709 758 765 829 852 910 930 991 1028 1070 1061 1128 1157 1223 1126 1086 1010 999 929 895 827 799 708 651 715 800 888 950 1007 1101 994 935 822 740 650 521 458 341 409 410 458 484 519 552 617 672 690 725 742 813 840 871 903 921 993 992 1051 1100 1133 1144 1194 1245 1193 1133 1077 996 921 860 834 791 695 681 741 758 854 887 922 1001 895 828 749 690 617 534 458 ]
