n = 10 ; 
T = 96 ; 
Init = [ 1 0 1 0 0 1 1 0 1 0 ]
L = [ 13 16 20 18 20 13 6 5 4 9 ]
l = [ 13 16 20 18 20 13 6 5 4 9 ]
Pmin = [ 146 190 210 199 210 147 75 35 23 77 ]
Pmax = [ 280 368 420 391 420 262 111 66 28 145 ]
cf = [ 51.8572 50.0881 17.3523 17.329 12.5713 48.1863 50.5059 61.5621 22.9061 50.5508 ]
c0 = [ 197 248 250 245 250 199 120 58 61 110 ]
cp = [ 31.6184 18.069 8.76766 11.8201 8.54335 29.3845 30.875 37.4555 41.5958 28.5688 ]
D = [ 195 244 367 401 481 585 584 671 711 808 905 979 994 1105 1158 1214 1280 1330 1426 1491 1536 1595 1664 1723 1814 1694 1641 1547 1464 1429 1378 1252 1201 1125 1050 1099 1231 1342 1413 1518 1578 1462 1358 1233 1080 963 828 757 645 655 739 797 831 896 865 941 1032 1034 1135 1143 1230 1203 1250 1354 1387 1444 1515 1555 1550 1618 1711 1712 1768 1711 1669 1541 1453 1381 1345 1311 1202 1119 1096 1111 1184 1303 1345 1379 1452 1355 1241 1077 988 872 764 661 ]
