n = 10 ; 
T = 96 ; 
Init = [ 0 1 0 1 0 1 1 0 0 1 ]
L = [ 7 13 10 13 6 6 16 17 6 7 ]
l = [ 7 13 10 13 6 6 16 17 6 7 ]
Pmin = [ 61 146 89 139 54 44 180 199 70 56 ]
Pmax = [ 109 266 171 272 88 86 357 388 112 92 ]
cf = [ 38.8939 61.4724 67.4414 44.0068 28.632 33.2204 9.12659 67.4062 30.6824 8.59313 ]
c0 = [ 107 197 126 179 92 70 229 250 112 95 ]
cp = [ 36.827 24.6052 31.4396 20.0772 35.8744 40.9196 18.9284 14.6071 31.7502 33.6034 ]
D = [ 140 191 285 304 383 403 450 517 578 617 640 733 739 776 865 929 956 1006 1075 1079 1176 1188 1230 1322 1360 1276 1263 1177 1153 1046 1003 938 895 834 800 850 949 1038 1106 1153 1233 1102 1021 947 803 700 640 536 393 461 513 532 579 601 651 710 743 783 854 882 942 993 987 1065 1112 1145 1169 1186 1239 1290 1326 1376 1405 1333 1278 1262 1203 1131 1076 960 914 869 792 863 909 952 977 1015 1118 982 940 871 743 716 621 560 ]
