n = 20 ; 
T = 96 ; 
Init = [ 1 0 0 0 0 0 0 0 0 1 1 1 1 1 0 1 1 0 0 1 ]
L = [ 14 14 19 13 13 8 11 13 6 6 6 20 20 13 13 5 5 11 9 9 ]
l = [ 14 14 19 13 13 8 11 13 6 6 6 20 20 13 13 5 5 11 9 9 ]
Pmin = [ 176 176 210 141 141 72 135 162 41 41 61 210 210 125 125 45 45 103 103 103 ]
Pmax = [ 317 317 414 258 258 132 235 285 80 80 105 420 420 247 247 75 75 196 177 177 ]
cf = [ 27.071 27.071 51.0783 49.3518 49.3518 8.66493 47.8111 13.9087 44.8766 44.8766 37.8936 63.8479 63.8479 57.7681 57.7681 64.3256 64.3256 53.3079 47.508 47.508 ]
c0 = [ 230 230 250 191 191 106 181 218 76 76 103 250 250 168 168 81 81 152 133 133 ]
cp = [ 19.0424 19.0424 9.65373 22.9575 22.9575 32.0755 21.8452 18.3564 36.9799 36.9799 38.7022 8.67728 8.67728 27.9637 27.9637 36.5657 36.5657 33.5355 28.1735 28.1735 ]
D = [ 524 555 820 946 995 1114 1222 1333 1447 1613 1826 1852 2098 2129 2223 2453 2501 2730 2781 2996 3134 3215 3317 3468 3608 3369 3326 3094 3009 2750 2613 2516 2323 2158 2058 2287 2449 2666 2876 3025 3278 2952 2705 2455 2195 1914 1601 1260 1050 1116 1234 1408 1418 1618 1695 1759 1972 2103 2124 2322 2340 2566 2575 2786 2872 3006 3119 3148 3304 3436 3474 3617 3706 3566 3363 3224 3098 2991 2847 2708 2392 2253 2177 2239 2504 2709 2723 2926 3149 2794 2476 2325 1921 1664 1449 1182 ]
