n = 20 ; 
T = 96 ; 
Init = [ 0 0 0 0 0 0 1 0 0 0 1 1 1 1 1 1 1 1 0 1 ]
L = [ 15 9 9 19 19 9 12 19 19 4 19 19 5 5 13 13 12 19 19 19 ]
l = [ 15 9 9 19 19 9 12 19 19 4 19 19 5 5 13 13 12 19 19 19 ]
Pmin = [ 169 102 102 210 210 89 127 204 204 40 210 210 52 52 141 141 115 210 210 204 ]
Pmax = [ 332 173 173 420 420 164 222 400 400 62 420 420 69 69 254 254 223 416 416 396 ]
cf = [ 11.4581 61.4415 61.4415 59.436 59.436 29.4687 8.83797 16.375 16.375 54.4563 35.7033 35.7033 20.5666 20.5666 63.7836 63.7836 21.263 35.6647 35.6647 23.5584 ]
c0 = [ 210 140 140 250 250 128 175 244 244 72 250 250 86 86 187 187 157 250 250 250 ]
cp = [ 17.4959 35.172 35.172 9.72478 9.72478 33.8116 35.2427 11.0332 11.0332 39.5518 12.9577 12.9577 39.9998 39.9998 16.3664 16.3664 34.0631 10.1271 10.1271 11.1311 ]
D = [ 1024 1193 1267 1552 1577 1753 2020 2002 2172 2338 2462 2657 2951 3012 3156 3384 3514 3706 3682 3859 4151 4129 4420 4473 4649 4516 4230 4026 3835 3721 3422 3348 3041 2875 2724 2934 3224 3409 3661 3970 4170 3802 3351 3101 2643 2396 2012 1743 1393 1514 1512 1751 1991 1978 2219 2327 2419 2569 2773 2893 3085 3261 3222 3361 3550 3793 3894 4068 4214 4209 4490 4532 4708 4517 4362 3986 3906 3617 3497 3245 3147 2885 2732 2958 3188 3360 3553 3735 3916 3576 3351 2986 2470 2276 1910 1442 ]
