n = 20 ; 
T = 96 ; 
Init = [ 0 1 1 1 1 1 1 1 1 1 0 0 0 1 0 0 0 0 1 1 ]
L = [ 20 5 5 5 9 9 6 17 17 17 9 9 14 19 19 12 12 15 12 20 ]
l = [ 20 5 5 5 9 9 6 17 17 17 9 9 14 19 19 12 12 15 12 20 ]
Pmin = [ 210 30 30 41 90 90 33 198 199 199 95 95 154 210 210 109 109 156 131 210 ]
Pmax = [ 418 51 51 51 152 152 65 362 383 383 188 188 295 409 409 213 213 293 244 415 ]
cf = [ 27.2871 8.91407 8.91407 17.0016 55.8509 55.8509 28.9594 54.0698 27.6172 27.6172 10.2727 10.2727 21.0496 49.9516 49.9516 29.2706 29.2706 19.4457 16.1701 49.0578 ]
c0 = [ 250 63 63 71 129 129 68 250 250 250 123 123 200 250 250 156 156 211 182 250 ]
cp = [ 8.43466 40.9615 40.9615 39.5987 29.6861 29.6861 35.4706 23.2254 15.7079 15.7079 30.2723 30.2723 22.1066 10.5395 10.5395 32.8891 32.8891 11.8715 24.6087 9.42323 ]
D = [ 925 1047 1148 1343 1443 1510 1636 1864 1954 2192 2342 2324 2486 2587 2780 3025 3066 3231 3286 3422 3586 3837 3949 4060 4209 4062 3801 3542 3502 3184 2974 2879 2726 2478 2259 2416 2626 2744 2808 2970 3187 2829 2579 2386 1990 1795 1527 1215 874 1107 1282 1390 1374 1485 1745 1785 1880 2059 2139 2361 2514 2596 2692 2808 2981 3084 3262 3356 3489 3574 3732 3769 3866 3706 3566 3487 3292 3108 2891 2814 2558 2393 2300 2424 2585 2787 3009 3142 3398 3121 2714 2544 2225 1972 1614 1344 ]
