n = 20 ; 
T = 96 ; 
Init = [ 0 0 1 0 1 1 0 0 1 1 1 1 1 1 1 1 0 0 0 1 ]
L = [ 17 17 19 15 15 6 19 19 18 8 8 15 18 18 12 10 8 8 18 14 ]
l = [ 17 17 19 15 15 6 19 19 18 8 8 15 18 18 12 10 8 8 18 14 ]
Pmin = [ 188 188 210 169 169 53 207 207 210 70 70 164 196 196 135 116 83 83 195 160 ]
Pmax = [ 347 347 416 303 303 74 394 394 387 136 136 324 367 367 236 195 130 130 376 282 ]
cf = [ 41.1977 41.1977 59.971 59.9684 59.9684 64.2797 58.856 58.856 13.2831 26.0567 26.0567 35.1689 58.7435 58.7435 32.8676 24.0448 15.8253 15.8253 12.103 28.7597 ]
c0 = [ 233 233 250 207 207 94 250 250 250 116 116 217 236 236 168 157 128 128 240 203 ]
cp = [ 11.3932 11.3932 13.5285 13.2138 13.2138 34.3584 8.87761 8.87761 14.8331 20.446 20.446 23.1664 11.454 11.454 31.8542 33.0801 29.2346 29.2346 11.7492 28.9825 ]
D = [ 974 1149 1308 1353 1569 1737 1910 1979 2146 2334 2385 2611 2632 2922 3016 3161 3213 3489 3621 3728 3904 4071 4225 4297 4476 4185 4012 3950 3628 3444 3288 3197 2831 2687 2493 2837 2936 3201 3466 3795 3891 3670 3268 2848 2560 2105 1890 1507 1186 1320 1439 1642 1796 1838 1913 2076 2365 2542 2532 2662 2838 3142 3132 3334 3454 3742 3801 3850 4095 4302 4423 4572 4714 4454 4279 3984 3868 3544 3398 3223 3093 2917 2587 2859 2974 3176 3462 3507 3737 3347 3065 2806 2360 2129 1712 1447 ]
