n = 20 ; 
T = 96 ; 
Init = [ 1 0 0 1 1 0 0 0 0 0 0 1 1 0 0 0 1 1 0 1 ]
L = [ 8 8 15 9 9 7 7 10 14 14 9 9 13 13 13 8 8 11 19 19 ]
l = [ 8 8 15 9 9 7 7 10 14 14 9 9 13 13 13 8 8 11 19 19 ]
Pmin = [ 78 78 164 81 81 62 62 112 153 153 77 77 149 149 143 95 95 100 210 210 ]
Pmax = [ 137 137 313 144 144 116 116 192 280 280 138 138 283 283 276 155 155 189 420 420 ]
cf = [ 8.48345 8.48345 8.9208 36.1464 36.1464 23.5322 23.5322 37.3657 62.0562 62.0562 64.2341 64.2341 30.0581 30.0581 28.3059 36.0796 36.0796 67.4932 50.2164 50.2164 ]
c0 = [ 113 113 213 113 113 109 109 143 190 190 106 106 199 199 177 128 128 134 250 250 ]
cp = [ 37.824 37.824 16.72 35.1725 35.1725 30.5511 30.5511 33.5971 21.6684 21.6684 34.5068 34.5068 15.5804 15.5804 21.7314 34.0465 34.0465 27.5621 10.5477 10.5477 ]
D = [ 780 926 1053 1143 1228 1324 1490 1576 1739 1718 1838 2062 2203 2238 2302 2462 2575 2752 2820 2948 3042 3180 3337 3349 3491 3319 3167 3057 2869 2811 2566 2536 2354 2278 2067 2152 2352 2488 2700 2793 2950 2786 2450 2252 2009 1778 1625 1382 1075 1269 1298 1413 1600 1663 1733 1851 1969 1997 2077 2263 2380 2393 2472 2575 2648 2824 2933 3073 3144 3286 3258 3484 3548 3401 3270 3104 2801 2711 2601 2342 2190 2009 1920 2060 2358 2444 2757 2917 3087 2752 2527 2243 1976 1731 1449 1156 ]
