n = 20 ; 
T = 96 ; 
Init = [ 0 1 0 1 1 1 0 1 1 1 0 1 0 1 1 1 1 1 1 0 ]
L = [ 15 16 11 11 18 18 19 6 11 8 16 15 15 15 15 18 18 18 13 11 ]
l = [ 15 16 11 11 18 18 19 6 11 8 16 15 15 15 15 18 18 18 13 11 ]
Pmin = [ 183 171 123 123 193 193 204 43 126 83 164 160 160 170 170 210 210 210 135 100 ]
Pmax = [ 341 333 207 207 383 383 405 75 228 158 326 319 319 314 314 404 419 419 269 190 ]
cf = [ 46.5143 40.4683 48.6993 48.6993 59.0749 59.0749 43.648 65.2299 33.8272 8.23945 63.4948 56.5768 56.5768 47.0633 47.0633 22.7368 58.2275 58.2275 66.3069 39.705 ]
c0 = [ 228 207 161 161 237 237 250 75 165 129 207 204 204 213 213 250 250 250 174 129 ]
cp = [ 23.5013 17.7338 26.5439 26.5439 16.4833 16.4833 13.7653 39.675 28.053 31.3417 19.0606 22.3951 22.3951 14.5422 14.5422 9.40462 11.6309 11.6309 26.0473 22.5012 ]
D = [ 720 879 1105 1197 1419 1595 1904 2104 2309 2431 2576 2858 2868 3146 3401 3610 3631 3799 4134 4183 4481 4614 4819 5011 5283 4887 4786 4533 4327 4049 3849 3545 3461 3076 2899 3035 3272 3402 3549 3803 3865 3704 3339 2957 2662 2363 2001 1762 1562 1602 1886 1833 2005 2268 2465 2593 2666 3015 3068 3213 3394 3629 3609 3966 3947 4226 4244 4600 4601 4772 4920 5157 5278 5099 4928 4522 4275 4205 3840 3542 3353 3112 2823 3070 3355 3526 3740 3714 4075 3675 3350 3001 2676 2395 2019 1739 ]
