n = 20 ; 
T = 96 ; 
Init = [ 1 1 1 1 1 1 1 1 0 0 0 0 0 1 1 0 1 0 0 1 ]
L = [ 20 20 6 15 15 13 6 6 12 12 10 10 5 5 17 8 10 10 9 9 ]
l = [ 20 20 6 15 15 13 6 6 12 12 10 10 5 5 17 8 10 10 9 9 ]
Pmin = [ 210 210 54 172 172 143 55 55 126 126 110 110 47 47 199 98 99 99 104 104 ]
Pmax = [ 420 420 79 312 312 283 101 101 222 222 182 182 69 69 377 164 196 196 181 181 ]
cf = [ 64.08 64.08 58.1468 12.3322 12.3322 11.65 35.7091 35.7091 50.0455 50.0455 7.51327 7.51327 36.0091 36.0091 44.1542 23.1509 25.3379 25.3379 24.5167 24.5167 ]
c0 = [ 250 250 92 225 225 193 93 93 167 167 146 146 77 77 250 130 136 136 135 135 ]
cp = [ 8.12772 8.12772 37.5352 28.8713 28.8713 25.8032 35.9166 35.9166 28.5671 28.5671 25.3271 25.3271 36.362 36.362 11.6144 36.7263 26.5173 26.5173 30.4109 30.4109 ]
D = [ 527 642 725 900 958 1140 1240 1438 1508 1607 1709 1814 1963 2135 2260 2357 2381 2503 2692 2745 2861 2966 3178 3256 3434 3288 3127 2985 2708 2553 2406 2304 2146 1964 1764 2015 2212 2310 2486 2635 2867 2626 2360 2068 1881 1621 1308 1180 927 970 1116 1214 1251 1410 1540 1577 1744 1773 1807 1948 2086 2210 2233 2309 2449 2615 2762 2748 2888 2984 3025 3146 3323 3094 2969 2915 2735 2592 2522 2331 2284 2105 2065 2259 2289 2583 2713 2962 3030 2792 2473 2277 1908 1665 1443 1113 ]
