n = 20 ; 
T = 96 ; 
Init = [ 1 1 0 0 1 0 0 0 1 1 0 0 1 1 0 0 1 1 0 0 ]
L = [ 4 4 11 5 13 13 16 12 12 10 10 9 9 7 7 15 15 6 20 20 ]
l = [ 4 4 11 5 13 13 16 12 12 10 10 9 9 7 7 15 15 6 20 20 ]
Pmin = [ 36 36 124 39 136 136 176 150 150 115 115 103 103 68 68 178 178 50 210 210 ]
Pmax = [ 63 63 217 57 271 271 328 264 264 198 198 173 173 100 100 318 318 95 420 420 ]
cf = [ 62.032 62.032 16.6002 62.3478 38.8149 38.8149 59.2848 15.5092 15.5092 31.8485 31.8485 36.2761 36.2761 16.0173 16.0173 52.3599 52.3599 15.0514 55.5846 55.5846 ]
c0 = [ 72 72 171 72 178 178 232 187 187 153 153 141 141 113 113 233 233 90 250 250 ]
cp = [ 39.7473 39.7473 28.2657 39.9763 19.4596 19.4596 27.6267 22.5056 22.5056 23.4937 23.4937 27.1154 27.1154 39.633 39.633 22.0238 22.0238 37.4336 8.87449 8.87449 ]
D = [ 573 614 818 908 969 1174 1235 1340 1502 1505 1661 1871 1914 2080 2084 2217 2447 2551 2630 2728 2926 3024 3025 3200 3321 3203 3097 2970 2728 2684 2501 2269 2150 2056 1954 2096 2250 2408 2696 2741 2941 2692 2565 2272 2073 1679 1558 1318 1009 1099 1282 1284 1407 1601 1655 1717 1867 1985 2066 2261 2260 2463 2480 2616 2776 2817 2978 3132 3136 3249 3451 3462 3543 3472 3200 3092 3007 2814 2619 2408 2196 2076 1914 2037 2169 2429 2506 2679 2793 2608 2321 2089 1844 1622 1418 1069 ]
