n = 20 ; 
T = 96 ; 
Init = [ 1 0 0 1 1 1 1 1 1 1 1 1 1 0 1 1 1 0 0 1 ]
L = [ 15 15 10 10 7 7 5 5 20 20 5 5 5 10 10 8 7 12 7 7 ]
l = [ 15 15 10 10 7 7 5 5 20 20 5 5 5 10 10 8 7 12 7 7 ]
Pmin = [ 175 175 108 108 76 76 40 40 210 210 56 56 25 106 106 85 69 121 73 73 ]
Pmax = [ 342 342 197 197 133 133 68 68 420 420 73 73 40 173 173 136 105 235 117 117 ]
cf = [ 65.5893 65.5893 19.9072 19.9072 57.3681 57.3681 37.2955 37.2955 14.1559 14.1559 60.3737 60.3737 61.8646 39.1085 39.1085 9.38159 29.6061 32.3989 23.3834 23.3834 ]
c0 = [ 216 216 158 158 117 117 65 65 250 250 103 103 61 139 139 119 103 170 110 110 ]
cp = [ 18.3969 18.3969 24.8135 24.8135 36.3618 36.3618 34.3673 34.3673 8.56902 8.56902 30.3006 30.3006 41.2327 30.6358 30.6358 38.8645 32.6629 29.7977 28.4766 28.4766 ]
D = [ 445 478 608 742 765 904 1020 1078 1165 1242 1379 1433 1513 1604 1725 1844 1942 2044 2171 2239 2375 2464 2536 2660 2775 2670 2462 2455 2337 2164 2040 1980 1869 1780 1632 1781 1816 2023 2008 2161 2222 2102 1941 1715 1591 1455 1253 1130 843 1028 1116 1189 1145 1332 1393 1407 1451 1557 1691 1752 1816 1872 1992 2036 2102 2148 2277 2268 2450 2523 2560 2651 2693 2586 2528 2377 2291 2063 2030 1942 1824 1679 1588 1583 1781 1907 1967 2133 2165 1990 1848 1700 1506 1283 1104 901 ]
