n = 20 ; 
T = 96 ; 
Init = [ 1 0 0 1 0 1 1 0 0 0 1 0 1 1 1 0 0 0 1 0 ]
L = [ 12 20 20 11 18 18 11 11 20 16 14 15 15 14 14 19 14 14 19 8 ]
l = [ 12 20 20 11 18 18 11 11 20 16 14 15 15 14 14 19 14 14 19 8 ]
Pmin = [ 131 210 210 130 199 199 132 132 210 178 157 172 172 156 160 210 163 162 210 88 ]
Pmax = [ 249 420 420 222 378 378 240 240 420 336 297 307 307 302 282 417 304 290 417 157 ]
cf = [ 68.6638 14.1535 14.1535 42.5867 40.7648 40.7648 68.4987 68.4987 55.0957 9.30517 22.6556 10.5631 10.5631 9.56071 66.2405 61.1815 25.3841 14.1093 29.9777 67.8092 ]
c0 = [ 180 250 250 165 249 249 179 179 250 222 207 218 218 204 203 250 201 203 250 133 ]
cp = [ 26.5184 9.01572 9.01572 25.8908 12.6851 12.6851 22.3527 22.3527 8.01465 13.6225 16.4013 25.5342 25.5342 19.9344 25.8121 13.837 13.918 16.2964 8.97441 30.1982 ]
D = [ 680 894 1090 1426 1496 1619 1988 2090 2321 2445 2652 2832 3021 3279 3413 3598 3832 3947 4235 4426 4601 4794 4904 5099 5284 5048 4861 4536 4252 3970 3851 3512 3255 3143 2713 3083 3411 3669 3952 4084 4276 3988 3760 3363 2906 2623 2461 2048 1723 1835 2012 2016 2193 2296 2505 2652 2887 3009 3150 3285 3467 3484 3692 3876 3919 4241 4361 4450 4638 4695 4897 5135 5124 4887 4743 4642 4328 4145 3840 3608 3393 3358 2983 3234 3592 3716 3967 4176 4277 3931 3537 3319 2845 2513 2096 1758 ]
