n = 20 ; 
T = 96 ; 
Init = [ 0 1 0 0 0 0 1 0 1 0 1 1 1 0 1 0 1 1 0 1 ]
L = [ 19 19 6 13 19 19 6 6 13 13 15 15 10 18 4 10 14 15 12 12 ]
l = [ 19 19 6 13 19 19 6 6 13 13 15 15 10 18 4 10 14 15 12 12 ]
Pmin = [ 206 210 47 124 210 210 50 50 144 144 179 179 87 210 45 111 157 169 130 128 ]
Pmax = [ 406 399 95 242 420 420 75 75 281 281 343 343 160 402 60 200 284 313 234 229 ]
cf = [ 61.7893 29.9308 36.2866 45.7466 69.494 69.494 13.1621 13.1621 26.7049 26.7049 52.5045 52.5045 46.451 7.23805 38.1065 52.1555 50.224 7.54941 8.29931 42.6955 ]
c0 = [ 248 250 83 162 250 250 91 91 184 184 225 225 131 250 89 160 208 226 162 166 ]
cp = [ 11.2556 12.7767 39.7346 12.878 8.98623 8.98623 31.9664 31.9664 25.0538 25.0538 21.1065 21.1065 38.9367 15.3723 41.8602 19.0361 19.0266 14.7626 25.1629 16.2092 ]
D = [ 582 723 924 1112 1341 1410 1586 1717 1998 2010 2214 2516 2569 2852 2942 3068 3253 3386 3506 3753 3888 4114 4206 4457 4609 4428 4261 3973 3687 3642 3324 3140 2877 2787 2626 2840 2874 3138 3317 3660 3769 3445 3190 2839 2438 2107 1715 1527 1125 1287 1368 1490 1690 1883 1924 2092 2366 2430 2540 2737 2846 2960 3175 3339 3423 3578 3641 3926 3964 4201 4223 4454 4631 4236 4068 3773 3601 3369 3222 3005 2793 2586 2350 2462 2766 3082 3221 3464 3703 3441 2982 2625 2336 2144 1809 1462 ]
