n = 20 ; 
T = 96 ; 
Init = [ 0 0 0 0 0 1 1 1 0 0 1 1 1 0 1 0 0 0 0 0 ]
L = [ 9 9 16 5 5 7 17 16 15 10 10 15 15 19 19 10 18 19 19 16 ]
l = [ 9 9 16 5 5 7 17 16 15 10 10 15 15 19 19 10 18 19 19 16 ]
Pmin = [ 91 91 178 44 44 63 202 173 174 106 106 177 177 210 210 90 199 210 210 188 ]
Pmax = [ 166 166 333 69 69 117 380 318 338 180 180 332 332 420 420 164 383 416 416 366 ]
cf = [ 25.9666 25.9666 16.194 48.7427 48.7427 68.3421 32.7721 29.1494 40.4301 57.0535 57.0535 68.7623 68.7623 24.8855 24.8855 60.0079 29.806 12.2687 12.2687 29.1404 ]
c0 = [ 128 128 233 79 79 102 250 217 226 143 143 221 221 250 250 130 250 250 250 226 ]
cp = [ 28.1154 28.1154 24.6182 40.9294 40.9294 35.0983 22.0068 16.8235 16.9659 22.9475 22.9475 12.3715 12.3715 11.8666 11.8666 25.8425 11.9341 9.94381 9.94381 24.87 ]
D = [ 783 942 1036 1330 1394 1595 1690 1927 2029 2188 2515 2604 2800 2976 3104 3156 3447 3682 3677 4022 4177 4330 4466 4616 4843 4594 4235 4111 3898 3742 3384 3193 3029 2803 2533 2906 2943 3241 3479 3655 3944 3604 3376 2956 2624 2357 2027 1818 1437 1649 1631 1773 2047 2122 2266 2395 2534 2497 2678 2807 2922 3051 3203 3396 3544 3652 3709 3829 4021 4175 4276 4512 4647 4317 4130 3952 3697 3609 3429 3219 3005 2678 2479 2808 3030 3243 3365 3595 3848 3531 3271 3020 2703 2258 2069 1770 ]
