n = 20 ; 
T = 96 ; 
Init = [ 1 0 1 1 1 1 0 0 0 1 1 1 0 0 0 1 0 0 1 0 ]
L = [ 19 6 15 19 5 5 8 8 13 13 9 9 8 8 8 19 19 15 11 13 ]
l = [ 19 6 15 19 5 5 8 8 13 13 9 9 8 8 8 19 19 15 11 13 ]
Pmin = [ 210 67 153 209 36 36 76 76 148 148 96 96 67 67 79 210 210 168 120 132 ]
Pmax = [ 406 95 302 391 61 61 138 138 285 285 173 173 132 132 152 420 420 318 206 254 ]
cf = [ 8.75671 29.0003 27.6963 62.9149 44.5581 44.5581 66.5867 66.5867 15.2924 15.2924 39.9561 39.9561 38.3389 38.3389 16.3122 8.56292 8.56292 41.5826 60.1039 15.2147 ]
c0 = [ 250 108 190 250 59 59 120 120 187 187 132 132 102 102 118 250 250 225 163 174 ]
cp = [ 10.9254 38.5579 24.5299 12.4591 38.3993 38.3993 32.0712 32.0712 20.1125 20.1125 32.8685 32.8685 37.7309 37.7309 35.7456 8.36261 8.36261 24.0244 28.0036 23.2884 ]
D = [ 700 820 919 1048 1067 1256 1415 1488 1673 1759 1784 2027 2144 2233 2307 2366 2600 2760 2868 2984 3076 3207 3331 3431 3600 3316 3183 3081 2921 2755 2635 2464 2297 2154 1991 2237 2513 2737 2935 3110 3299 3071 2706 2396 2135 1889 1517 1204 1000 986 1232 1354 1353 1480 1589 1734 1888 1972 2097 2256 2323 2492 2558 2647 2811 2849 3089 3153 3284 3342 3439 3617 3761 3554 3367 3134 3069 2773 2623 2538 2278 2259 2015 2188 2399 2698 2901 3151 3253 2951 2729 2434 2021 1750 1428 1229 ]
