n = 20 ; 
T = 96 ; 
Init = [ 0 0 1 1 1 0 1 1 1 0 0 1 0 0 0 1 0 1 1 0 ]
L = [ 12 15 15 6 16 5 15 15 18 18 11 11 6 4 9 9 13 6 11 15 ]
l = [ 12 15 15 6 16 5 15 15 18 18 11 11 6 4 9 9 13 6 11 15 ]
Pmin = [ 122 168 168 59 189 42 158 158 206 206 125 120 52 42 87 87 140 37 134 169 ]
Pmax = [ 232 334 334 92 340 60 315 315 409 409 212 213 95 69 173 173 240 73 243 326 ]
cf = [ 23.453 67.9094 67.9094 35.5358 22.3421 7.01053 10.4919 10.4919 40.4506 40.4506 34.5356 35.267 39.3392 37.252 25.5658 25.5658 32.3178 10.7442 15.9686 33.7668 ]
c0 = [ 172 223 223 97 246 66 205 205 250 250 161 166 76 66 115 115 174 75 188 219 ]
cp = [ 15.4497 16.5337 16.5337 38.2364 26.1531 37.9424 19.0746 19.0746 9.14663 9.14663 28.8082 29.6377 37.0938 39.902 22.3971 22.3971 27.2108 31.4389 29.3688 21.229 ]
D = [ 716 881 963 1126 1213 1437 1571 1608 1744 2013 2008 2154 2334 2483 2631 2821 2965 3082 3120 3206 3507 3593 3705 3868 3932 3841 3606 3344 3186 3039 2877 2699 2582 2369 2220 2397 2445 2637 2888 2939 3096 2945 2575 2345 2040 1855 1511 1217 1046 1093 1272 1390 1550 1646 1785 1806 1918 2057 2141 2388 2386 2486 2619 2817 3005 3027 3219 3359 3452 3515 3622 3800 3961 3750 3531 3399 3287 3134 2957 2754 2525 2404 2197 2342 2531 2677 2891 3069 3231 2971 2668 2271 2158 1866 1544 1327 ]
