n = 20 ; 
T = 96 ; 
Init = [ 1 1 1 1 0 1 1 1 0 0 1 0 0 1 1 0 0 0 0 1 ]
L = [ 17 5 19 16 16 10 19 17 4 4 7 7 17 17 9 9 13 18 16 16 ]
l = [ 17 5 19 16 16 10 19 17 4 4 7 7 17 17 9 9 13 18 16 16 ]
Pmin = [ 181 53 210 193 193 89 210 191 43 43 61 61 181 181 100 100 152 210 168 168 ]
Pmax = [ 352 70 411 351 351 165 419 350 66 66 102 102 344 344 160 160 279 403 318 318 ]
cf = [ 36.1823 45.4321 10.5805 28.7545 28.7545 10.5502 17.8218 33.0288 9.59108 9.59108 37.3967 37.3967 34.8324 34.8324 18.7896 18.7896 62.2479 8.11351 69.4111 69.4111 ]
c0 = [ 227 90 250 250 250 132 250 248 82 82 89 89 238 238 136 136 195 250 224 224 ]
cp = [ 10.5367 35.4128 10.2146 13.5974 13.5974 25.0878 12.0265 15.0349 40.7563 40.7563 32.5378 32.5378 13.8706 13.8706 25.0051 25.0051 17.0179 17.3338 18.4769 18.4769 ]
D = [ 777 874 1032 1210 1229 1538 1538 1774 1789 2033 2213 2251 2540 2650 2771 2864 3115 3177 3296 3542 3573 3667 3970 3939 4171 3915 3839 3598 3482 3381 3196 2904 2757 2587 2331 2619 2797 2958 3149 3389 3650 3379 3012 2730 2426 2037 1705 1509 1191 1236 1347 1570 1713 1758 1851 2068 2103 2267 2322 2551 2633 2779 2802 3036 3178 3244 3354 3529 3532 3664 3839 3945 4050 3851 3685 3633 3456 3201 3048 2866 2723 2559 2289 2547 2685 2953 3117 3357 3668 3266 2925 2696 2508 2068 1763 1595 ]
