n = 20 ; 
T = 96 ; 
Init = [ 1 1 0 1 1 1 0 1 1 0 0 1 1 1 1 1 1 1 1 0 ]
L = [ 7 16 16 18 18 10 10 7 7 11 7 20 9 9 13 16 19 18 18 15 ]
l = [ 7 16 16 18 18 10 10 7 7 11 7 20 9 9 13 16 19 18 18 15 ]
Pmin = [ 62 171 171 210 210 101 101 69 69 110 74 210 107 107 142 177 210 210 210 174 ]
Pmax = [ 91 332 332 416 416 199 199 119 119 203 142 420 187 187 264 332 396 403 403 328 ]
cf = [ 51.7919 51.7685 51.7685 64.8542 64.8542 50.5379 50.5379 19.4395 19.4395 36.9606 39.3456 64.4798 7.44785 7.44785 48.0439 33.6029 62.1579 60.9187 60.9187 9.78021 ]
c0 = [ 107 212 212 250 250 148 148 115 115 147 110 250 141 141 190 233 250 250 250 211 ]
cp = [ 36.1419 23.0264 23.0264 13.676 13.676 28.5307 28.5307 36.1728 36.1728 30.69 31.8537 8.4778 23.8384 23.8384 22.6534 12.0695 9.67053 11.5512 11.5512 13.0465 ]
D = [ 920 998 1221 1434 1507 1727 1847 1921 2183 2257 2433 2549 2834 2888 3023 3235 3446 3673 3679 3927 4082 4312 4473 4579 4601 4458 4233 3910 3867 3491 3224 3086 2833 2631 2345 2638 2723 3029 3237 3427 3650 3191 3059 2723 2364 2209 1929 1622 1259 1340 1471 1770 1857 1896 2179 2121 2326 2498 2620 2854 2971 2987 3108 3336 3364 3682 3734 3793 4063 4066 4255 4454 4464 4285 4134 3852 3745 3388 3236 3001 2792 2634 2359 2711 2864 2942 3303 3320 3637 3292 2917 2725 2462 2072 1769 1600 ]
