n = 20 ; 
T = 96 ; 
Init = [ 0 1 0 0 1 0 1 1 1 0 1 0 1 0 0 1 0 0 1 0 ]
L = [ 15 15 17 11 11 7 11 11 11 11 5 5 5 16 16 10 9 9 20 20 ]
l = [ 15 15 17 11 11 7 11 11 11 11 5 5 5 16 16 10 9 9 20 20 ]
Pmin = [ 158 158 207 128 128 65 125 125 117 117 58 60 60 170 170 101 86 86 210 210 ]
Pmax = [ 304 304 380 224 224 123 228 228 224 224 84 93 93 339 339 174 169 169 420 420 ]
cf = [ 61.3829 61.3829 63.7214 26.0435 26.0435 31.5169 36.0212 36.0212 16.9389 16.9389 49.5851 40.4551 40.4551 50.0851 50.0851 65.4703 64.2379 64.2379 26.8035 26.8035 ]
c0 = [ 207 207 250 168 168 91 176 176 150 150 98 105 105 224 224 147 116 116 250 250 ]
cp = [ 17.9858 17.9858 22.4068 22.7355 22.7355 33.5326 24.9072 24.9072 28.6547 28.6547 39.9591 41.5497 41.5497 19.2163 19.2163 24.5618 29.7954 29.7954 9.46859 9.46859 ]
D = [ 787 881 1073 1194 1234 1319 1554 1601 1755 1832 2065 2167 2334 2368 2496 2705 2736 2935 3053 3169 3378 3383 3626 3761 3872 3589 3525 3344 3169 3101 2805 2630 2527 2469 2286 2438 2679 2773 3018 3111 3328 3033 2803 2414 2199 1970 1662 1349 1087 1074 1195 1442 1525 1625 1683 1858 1996 2039 2271 2337 2358 2560 2684 2790 2880 3089 3056 3313 3407 3446 3602 3756 3774 3619 3441 3317 3125 2984 2881 2594 2496 2223 2066 2289 2529 2667 2774 3035 3273 3022 2584 2426 2086 1829 1487 1120 ]
