n = 20 ; 
T = 96 ; 
Init = [ 1 1 0 1 1 1 1 0 0 1 0 0 0 1 1 0 0 0 0 0 ]
L = [ 19 10 5 12 17 17 18 10 10 10 19 19 20 20 6 16 7 7 8 8 ]
l = [ 19 10 5 12 17 17 18 10 10 10 19 19 20 20 6 16 7 7 8 8 ]
Pmin = [ 210 98 48 127 193 193 195 122 109 109 210 210 210 210 66 195 46 46 83 83 ]
Pmax = [ 420 177 59 223 369 369 388 207 215 215 419 419 420 420 118 357 84 84 139 139 ]
cf = [ 63.0265 55.7104 33.1314 11.8208 35.6358 35.6358 30.2018 14.3258 32.088 32.088 10.3145 10.3145 8.85313 8.85313 61.8159 56.239 59.4384 59.4384 8.95256 8.95256 ]
c0 = [ 250 144 76 175 250 250 250 159 146 146 250 250 250 250 105 244 88 88 122 122 ]
cp = [ 9.63073 25.2428 36.7535 22.7485 19.258 19.258 15.7114 20.9573 26.9759 26.9759 9.97089 9.97089 8.76468 8.76468 40.5119 24.7984 37.9809 37.9809 31.3394 31.3394 ]
D = [ 505 690 923 979 1210 1283 1402 1609 1807 1860 2141 2129 2326 2468 2582 2775 2887 3176 3186 3336 3528 3592 3761 3929 4055 3981 3782 3693 3473 3294 3047 3007 2866 2704 2379 2655 2753 2927 3069 3218 3489 3144 2897 2791 2440 2159 1905 1710 1344 1463 1738 1851 1936 2095 2153 2225 2495 2485 2774 2854 2878 3081 3283 3310 3486 3668 3797 3886 3886 4168 4164 4335 4428 4349 4114 3933 3727 3464 3258 3138 2868 2615 2480 2581 2772 2982 3220 3553 3624 3337 3127 2793 2580 2252 2010 1653 ]
