n = 20 ; 
T = 96 ; 
Init = [ 1 0 1 0 1 1 0 0 0 0 0 0 0 1 1 0 0 1 1 1 ]
L = [ 6 11 11 14 20 20 14 17 9 9 18 20 20 19 19 12 12 6 15 15 ]
l = [ 6 11 11 14 20 20 14 17 9 9 18 20 20 19 19 12 12 6 15 15 ]
Pmin = [ 61 99 99 154 210 210 148 195 95 95 199 210 210 208 208 128 128 51 171 171 ]
Pmax = [ 101 195 195 282 420 420 276 372 172 172 380 420 420 412 412 224 224 93 320 320 ]
cf = [ 59.5206 32.6467 32.6467 25.3754 12.0114 12.0114 66.6814 45.2057 34.2079 34.2079 67.0315 49.9317 27.4039 59.8565 59.8565 44.3443 44.3443 43.5165 10.0987 10.0987 ]
c0 = [ 106 134 134 193 250 250 201 240 127 127 250 250 250 250 250 176 176 83 226 226 ]
cp = [ 28.5586 28.6383 28.6383 17.9767 9.15866 9.15866 25.5549 15.1298 33.573 33.573 12.9302 8.1717 11.419 13.861 13.861 28.4617 28.4617 39.6091 16.9967 16.9967 ]
D = [ 941 1163 1231 1359 1476 1796 1787 2028 2107 2268 2480 2702 2825 2934 3097 3143 3363 3473 3733 3838 3997 4084 4385 4553 4565 4400 4246 4037 3860 3663 3482 3176 3047 2778 2662 2902 2989 3332 3441 3669 3803 3645 3182 2960 2540 2302 1971 1617 1324 1325 1588 1632 1895 1931 2213 2261 2532 2490 2824 2808 3066 3216 3296 3472 3523 3840 3942 4169 4139 4352 4493 4775 4773 4531 4500 4244 3931 3738 3521 3285 3160 2839 2713 2932 3161 3397 3731 3864 4125 3824 3405 2956 2654 2381 1958 1558 ]
