n = 20 ; 
T = 96 ; 
Init = [ 1 0 1 1 1 1 0 1 1 0 1 1 0 0 1 0 1 0 0 1 ]
L = [ 15 9 19 19 16 19 20 13 13 18 12 14 19 11 11 19 19 12 12 6 ]
l = [ 15 9 19 19 16 19 20 13 13 18 12 14 19 11 11 19 19 12 12 6 ]
Pmin = [ 185 102 210 210 175 210 210 147 127 210 114 161 210 135 135 210 210 119 119 49 ]
Pmax = [ 335 168 420 420 345 404 420 274 253 398 222 289 420 235 235 420 420 232 232 94 ]
cf = [ 55.9071 20.8288 64.2675 64.2675 49.4311 54.2247 10.4409 54.2949 62.6768 62.4325 18.4452 50.4101 52.5719 30.812 30.812 37.5052 37.5052 25.0604 25.0604 29.5816 ]
c0 = [ 241 136 250 250 224 250 250 183 176 250 158 202 250 180 180 250 250 152 152 80 ]
cp = [ 16.1354 26.9928 8.67346 8.67346 16.9716 12.1116 12.4729 18.1205 23.133 20.5111 18.107 19.5623 8.46812 29.726 29.726 12.1627 12.1627 28.7122 28.7122 31.178 ]
D = [ 1246 1411 1553 1669 1781 2103 2129 2344 2594 2797 2797 3118 3251 3282 3602 3805 3954 4049 4172 4346 4628 4767 5010 4994 5307 5065 4684 4443 4301 4089 3853 3560 3343 3079 2964 3181 3329 3562 3824 4050 4316 4041 3586 3447 3032 2726 2387 1951 1660 1688 1896 2016 2135 2341 2557 2704 2680 2841 3009 3192 3245 3376 3684 3716 3854 3903 4179 4154 4326 4575 4714 4925 4948 4637 4452 4307 4141 3800 3581 3400 3181 3031 2831 3099 3291 3675 3950 4212 4386 4039 3693 3362 3006 2597 2391 2035 ]
