n = 20 ; 
T = 96 ; 
Init = [ 0 0 0 1 0 0 1 0 0 0 1 1 1 0 1 1 1 1 0 1 ]
L = [ 10 10 10 16 16 13 14 14 15 15 12 12 6 8 19 19 20 18 6 6 ]
l = [ 10 10 10 16 16 13 14 14 15 15 12 12 6 8 19 19 20 18 6 6 ]
Pmin = [ 110 110 111 184 184 152 162 162 168 168 130 130 47 79 208 208 210 210 62 62 ]
Pmax = [ 195 195 185 351 351 269 292 292 337 337 226 226 90 155 400 400 420 398 104 104 ]
cf = [ 39.9208 39.9208 29.0611 62.4814 62.4814 7.7194 36.5309 36.5309 23.0966 23.0966 23.8355 23.8355 37.3595 11.5352 27.5184 27.5184 20.1904 69.2341 44.1567 44.1567 ]
c0 = [ 160 160 147 234 234 197 201 201 214 214 170 170 87 124 250 250 250 250 91 91 ]
cp = [ 35.4329 35.4329 28.5809 15.1661 15.1661 16.5382 21.3702 21.3702 20.7976 20.7976 22.9895 22.9895 38.4701 36.8219 9.42851 9.42851 8.04422 17.0765 30.8518 30.8518 ]
D = [ 610 690 900 1111 1190 1365 1490 1731 1814 1965 2100 2337 2490 2667 2824 2830 2985 3294 3419 3617 3667 3845 3945 4105 4409 4098 3937 3863 3664 3475 3289 3090 3019 2689 2543 2776 3043 3246 3368 3560 3756 3521 3262 2923 2511 2251 1957 1542 1204 1456 1564 1659 1730 1941 2014 2268 2273 2519 2683 2730 3007 3001 3109 3382 3487 3581 3845 3842 4001 4251 4357 4384 4663 4325 4216 3943 3750 3554 3298 3195 2913 2624 2476 2772 3004 3239 3452 3743 3888 3539 3152 2848 2549 2129 1761 1426 ]
