n = 20 ; 
T = 96 ; 
Init = [ 1 0 1 0 0 0 0 1 1 0 0 0 1 0 0 1 1 1 0 1 ]
L = [ 12 13 13 19 4 16 16 19 20 20 12 8 8 18 18 18 15 8 8 7 ]
l = [ 12 13 13 19 4 16 16 19 20 20 12 8 8 18 18 18 15 8 8 7 ]
Pmin = [ 109 133 133 209 46 171 171 210 210 210 118 93 93 210 210 210 172 87 87 79 ]
Pmax = [ 214 257 257 407 66 333 333 406 420 420 230 147 147 402 402 405 341 139 139 127 ]
cf = [ 48.3887 50.7646 50.7646 30.8312 41.5527 35.7826 35.7826 35.331 65.6205 65.6205 24.93 13.7496 13.7496 48.9154 48.9154 41.797 41.1298 15.5017 15.5017 48.7189 ]
c0 = [ 148 175 175 250 69 214 214 250 250 250 165 130 130 250 250 250 218 133 133 116 ]
cp = [ 23.9959 26.7924 26.7924 12.2251 39.901 24.2223 24.2223 11.8677 9.43508 9.43508 22.3836 30.077 30.077 9.78315 9.78315 13.9112 23.5115 28.2877 28.2877 31.7405 ]
D = [ 727 771 926 1196 1279 1460 1598 1689 2011 2184 2256 2370 2642 2787 2864 3045 3167 3449 3545 3776 3829 3901 4205 4240 4404 4360 4081 3902 3703 3531 3292 3065 2987 2746 2632 2717 3149 3253 3477 3868 3986 3743 3294 2937 2681 2359 2026 1734 1345 1404 1621 1767 1945 2176 2315 2307 2490 2595 2908 3042 3018 3164 3479 3514 3632 3879 3988 4201 4336 4427 4515 4665 4761 4511 4418 4074 3944 3679 3400 3123 2977 2770 2493 2618 2942 3104 3283 3437 3765 3406 3051 2918 2559 2372 1922 1743 ]
