n = 20 ; 
T = 96 ; 
Init = [ 0 1 1 1 1 1 1 1 0 0 0 1 0 1 1 0 0 1 1 0 ]
L = [ 5 18 18 16 15 19 10 10 13 18 18 18 18 11 7 17 17 19 19 19 ]
l = [ 5 18 18 16 15 19 10 10 13 18 18 18 18 11 7 17 17 19 19 19 ]
Pmin = [ 36 208 208 183 162 208 95 95 136 210 210 191 191 110 70 184 184 210 210 210 ]
Pmax = [ 53 384 384 356 290 402 175 175 242 414 414 378 378 208 101 359 359 420 420 408 ]
cf = [ 63.6879 9.16335 9.16335 29.4203 55.0164 61.1352 45.17 45.17 58.9959 55.2121 55.2121 69.1324 69.1324 53.982 17.614 49.7308 49.7308 12.2843 12.2843 69.8264 ]
c0 = [ 74 250 250 238 206 250 126 126 173 250 250 241 241 153 105 222 222 250 250 250 ]
cp = [ 38.2574 11.3161 11.3161 12.6059 17.7179 9.73931 28.8538 28.8538 22.1648 17.1413 17.1413 11.5783 11.5783 17.5907 34.4798 17.9379 17.9379 15.1231 15.1231 8.37215 ]
D = [ 1130 1188 1414 1542 1716 1952 2029 2235 2547 2719 2712 2964 3188 3403 3471 3638 3953 3906 4168 4463 4435 4588 4772 5014 5158 5055 4722 4656 4324 4138 3833 3558 3496 3247 2930 3308 3326 3587 3765 4160 4424 3868 3552 3313 3038 2620 2378 2012 1692 1669 1975 2128 2227 2451 2492 2624 2763 2984 3273 3383 3506 3721 3867 4034 4211 4299 4512 4710 4823 4900 5163 5198 5373 5196 4994 4709 4394 4171 3823 3620 3449 3247 2800 3067 3430 3601 3839 4181 4411 3952 3651 3489 3085 2769 2377 1989 ]
