n = 20 ; 
T = 96 ; 
Init = [ 1 0 0 0 1 1 0 1 0 0 1 0 1 1 0 0 1 1 0 0 ]
L = [ 4 11 9 8 8 7 7 9 9 15 12 4 4 16 6 6 14 8 18 20 ]
l = [ 4 11 9 8 8 7 7 9 9 15 12 4 4 16 6 6 14 8 18 20 ]
Pmin = [ 20 101 95 72 72 70 70 83 83 160 128 32 32 175 51 51 168 68 202 210 ]
Pmax = [ 35 198 158 137 137 130 130 155 155 315 249 44 44 343 85 85 312 120 385 420 ]
cf = [ 7.15163 32.7201 21.908 32.6164 32.6164 61.5722 61.5722 33.7394 33.7394 41.0534 27.8939 22.3875 22.3875 22.962 24.9218 24.9218 53.7633 32.2581 11.2953 32.4038 ]
c0 = [ 52 133 141 112 112 106 106 120 120 210 167 63 63 221 78 78 216 106 250 250 ]
cp = [ 41.3007 24.4582 30.0906 36.4286 36.4286 38.7834 38.7834 31.2668 31.2668 14.051 25.4989 40.8283 40.8283 25.7466 31.0661 31.0661 22.1399 30.5996 14.1094 9.06847 ]
D = [ 453 631 659 717 910 1024 1000 1117 1209 1336 1383 1547 1560 1709 1862 1876 2029 2112 2210 2320 2318 2474 2544 2610 2777 2605 2534 2455 2311 2185 1991 1980 1808 1677 1501 1671 1803 1881 2073 2203 2312 2146 1904 1748 1508 1324 1217 1035 860 949 1003 1039 1175 1270 1410 1411 1559 1679 1756 1764 1955 1950 2094 2239 2302 2324 2454 2539 2636 2670 2831 2933 3049 2856 2719 2560 2388 2277 2136 1962 1848 1799 1569 1800 1926 2045 2186 2369 2515 2394 2118 1859 1770 1547 1213 1096 ]
