n = 20 ; 
T = 96 ; 
Init = [ 1 0 1 0 1 1 1 1 0 0 1 0 1 0 1 1 1 0 1 1 ]
L = [ 8 14 13 13 13 20 20 12 13 13 11 11 15 15 16 15 7 7 6 6 ]
l = [ 8 14 13 13 13 20 20 12 13 13 11 11 15 15 16 15 7 7 6 6 ]
Pmin = [ 71 173 136 131 131 210 210 121 147 147 109 109 171 171 189 164 66 66 65 65 ]
Pmax = [ 131 306 255 247 247 420 420 219 285 285 218 218 316 316 341 304 127 127 101 101 ]
cf = [ 15.206 33.5214 44.5805 60.199 60.199 22.8717 22.8717 57.3421 62.4557 62.4557 25.7316 25.7316 51.7162 51.7162 36.2544 12.1637 29.2597 29.2597 29.9469 29.9469 ]
c0 = [ 111 229 185 174 174 250 250 158 189 189 159 159 214 214 248 217 104 104 111 111 ]
cp = [ 35.725 16.9406 22.8141 24.5977 24.5977 8.56561 8.56561 15.2929 17.1985 17.1985 16.3413 16.3413 12.6125 12.6125 19.3591 26.7236 31.0567 31.0567 39.0045 39.0045 ]
D = [ 587 724 856 861 1111 1180 1307 1428 1712 1702 1897 2098 2286 2375 2468 2611 2813 2956 3101 3203 3351 3551 3641 3812 3980 3836 3671 3484 3360 3220 3025 2875 2731 2526 2422 2497 2696 2871 2926 3085 3292 3029 2692 2574 2259 2057 1758 1503 1290 1484 1631 1652 1835 1948 1999 2196 2268 2505 2529 2733 2837 2980 3061 3201 3261 3361 3569 3600 3779 3920 4051 4078 4337 4137 3888 3776 3517 3308 3194 3005 2866 2594 2485 2607 2891 3093 3289 3339 3655 3259 3079 2700 2325 2103 1741 1486 ]
